File: C:\MED-PC IV\DATA\!2018-06-05


Start Date: 06/05/18
End Date: 06/05/18
Subject: TYLN_EG
Experiment: 0
Group: 0
Box: 3
Start Time: 13:23:35
End Time: 13:56:52
MSN: CI_1313_TT_BOX3
A:      72.000
C:      10.000
D:     980.000
E:       0.000
F:    1313.000
I:       0.000
J:       0.000
L:       0.000
X:       0.000
Y:       0.000
Z:       0.000
B:
     0:        0.000        1.000     1313.000       72.000
     4:        0.000        0.000      500.000        0.000
     8:        0.000
G:
     0:        0.000
H:
     0:      500.000     1000.000     1500.000
K:
     0:     7000.000     2500.000     7000.000
M:
     0:       68.000       70.000       72.000
N:
     0:       74.000       76.000       78.000
O:
     0:        0.000        0.000        0.000        0.000
     4:        0.000        0.000        0.000        0.000
     8:     1313.000      250.000      500.000        2.000
    12:     1313.000      250.000     1000.000        2.000
    16:     1313.000      250.000     1500.000        2.000
    20:     1313.000      250.000     1000.000        2.000
    24:     1313.000      250.000     1500.000        2.000
    28:        0.000        0.000        0.000        0.000
    32:     1313.000      250.000      500.000        2.000
    36:     1313.000      250.000     1000.000        2.000
    40:     1313.000      250.000      500.000        2.000
    44:     1313.000      171.000     1000.000        1.000
    48:     1313.000      250.000     1000.000        2.000
    52:     1313.000      250.000     1000.000        2.000
    56:        0.000        0.000        0.000        0.000
    60:     1313.000       94.000     1500.000        1.000
    64:     1313.000       87.000     1000.000        1.000
    68:     1313.000      206.000      500.000        1.000
    72:        0.000        0.000        0.000        0.000
    76:     1313.000      185.000      500.000        1.000
    80:        0.000        0.000        0.000        0.000
    84:     1313.000      250.000     1000.000        2.000
    88:     1313.000      250.000     1000.000        2.000
    92:        0.000        0.000        0.000        0.000
    96:     1313.000       33.000     1500.000        1.000
   100:     1313.000      250.000      500.000        2.000
   104:     1313.000      102.000     1000.000        1.000
   108:     1313.000        9.000      500.000        1.000
   112:     1313.000      250.000     1000.000        2.000
   116:     1313.000       17.000     1000.000        1.000
   120:     1313.000      149.000     1500.000        1.000
   124:     1313.000      217.000      500.000        1.000
   128:     1313.000      250.000     1500.000        2.000
   132:     1313.000      106.000      500.000        1.000
   136:     1313.000       63.000     1000.000        1.000
   140:        0.000        0.000        0.000        0.000
   144:     1313.000       59.000     1500.000        1.000
   148:        0.000        0.000        0.000        0.000
   152:     1313.000      250.000      500.000        2.000
   156:        0.000        0.000        0.000        0.000
   160:     1313.000       83.000      500.000        1.000
   164:     1313.000      218.000     1500.000        1.000
   168:        0.000        0.000        0.000        0.000
   172:     1313.000      123.000     1500.000        1.000
   176:     1313.000      169.000      500.000        1.000
   180:     1313.000      128.000     1500.000        1.000
   184:     1313.000      250.000     1500.000        2.000
   188:     1313.000      121.000     1000.000        1.000
   192:     1313.000       36.000     1000.000        1.000
   196:     1313.000      208.000     1500.000        1.000
   200:     1313.000      250.000     1500.000        2.000
   204:        0.000        0.000        0.000        0.000
   208:     1313.000       87.000     1000.000        1.000
   212:     1313.000       22.000      500.000        1.000
   216:     1313.000      176.000      500.000        1.000
   220:     1313.000      142.000      500.000        1.000
   224:     1313.000      250.000     1500.000        2.000
   228:     1313.000        9.000     1500.000        1.000
   232:     1313.000       10.000     1000.000        1.000
   236:     1313.000      151.000     1500.000        1.000
   240:     1313.000      102.000     1000.000        1.000
   244:     1313.000       83.000     1500.000        1.000
   248:     1313.000      176.000     1500.000        1.000
   252:     1313.000        2.000      500.000        1.000
   256:     1313.000      154.000     1000.000        1.000
   260:     1313.000      105.000     1000.000        1.000
   264:        0.000        0.000        0.000        0.000
   268:     1313.000      163.000     1000.000        1.000
   272:        0.000        0.000        0.000        0.000
   276:     1313.000        7.000     1500.000        1.000
   280:        0.000        0.000        0.000        0.000
   284:     1313.000      105.000     1500.000        1.000
   288:     1313.000      250.000     1000.000        2.000
   292:     1313.000      167.000     1500.000        1.000
   296:        0.000        0.000        0.000        0.000
   300:     1313.000      158.000     1500.000        1.000
   304:     1313.000       86.000     1000.000        1.000
   308:     1313.000       28.000      500.000        1.000
   312:     1313.000      250.000     1000.000        2.000
   316:     1313.000       68.000     1000.000        1.000
   320:        0.000        0.000        0.000        0.000
   324:     1313.000       32.000     1500.000        1.000
   328:     1313.000      250.000      500.000        2.000
   332:     1313.000      123.000     1000.000        1.000
   336:     1313.000       67.000      500.000        1.000
   340:     1313.000      250.000     1000.000        2.000
   344:     1313.000      250.000     1500.000        2.000
   348:     1313.000       50.000      500.000        1.000
   352:     1313.000      152.000      500.000        1.000
   356:        0.000        0.000        0.000        0.000
   360:        0.000        0.000        0.000        0.000
   364:     1313.000       81.000      500.000        1.000
   368:     1313.000      157.000     1500.000        1.000
   372:     1313.000      126.000      500.000        1.000
   376:     1313.000      250.000      500.000        2.000
   380:     1313.000       92.000     1000.000        1.000
   384:     1313.000      250.000     1000.000        2.000
   388:     1313.000      250.000     1500.000        2.000
   392:        0.000        0.000        0.000        0.000
   396:     1313.000       30.000      500.000        1.000
   400:     1313.000       95.000     1500.000        1.000
   404:        0.000        0.000        0.000        0.000
   408:     1313.000      250.000      500.000        2.000
   412:     1313.000      135.000     1000.000        1.000
   416:     1313.000      137.000      500.000        1.000
   420:     1313.000       87.000     1000.000        1.000
   424:     1313.000      250.000      500.000        2.000
   428:     1313.000      184.000      500.000        1.000
   432:     1313.000      128.000      500.000        1.000
   436:     1313.000      250.000     1000.000        2.000
   440:     1313.000       36.000     1000.000        1.000
   444:     1313.000      136.000     1000.000        1.000
   448:     1313.000        2.000     1500.000        1.000
   452:        0.000        0.000        0.000        0.000
   456:     1313.000      250.000      500.000        2.000
   460:     1313.000      128.000     1500.000        1.000
   464:        0.000        0.000        0.000        0.000
   468:        0.000        0.000        0.000        0.000
   472:     1313.000      250.000      500.000        2.000
   476:     1313.000      250.000     1000.000        2.000
   480:        0.000        0.000        0.000        0.000
   484:     1313.000       46.000      500.000        1.000
   488:     1313.000       76.000     1000.000        1.000
   492:     1313.000      250.000     1500.000        2.000
   496:        0.000        0.000        0.000        0.000
   500:     1313.000        8.000      500.000        1.000
   504:        0.000        0.000        0.000        0.000
   508:        0.000        0.000        0.000        0.000
   512:        0.000        0.000        0.000        0.000
   516:        0.000        0.000        0.000        0.000
   520:        0.000        0.000        0.000        0.000
   524:        0.000        0.000        0.000        0.000
   528:        0.000        0.000        0.000        0.000
   532:        0.000        0.000        0.000        0.000
   536:        0.000        0.000        0.000        0.000
   540:        0.000        0.000        0.000        0.000
   544:        0.000        0.000        0.000        0.000
   548:        0.000        0.000        0.000        0.000
   552:        0.000        0.000        0.000        0.000
   556:        0.000        0.000        0.000        0.000
   560:        0.000        0.000        0.000        0.000
   564:        0.000        0.000        0.000        0.000
   568:        0.000        0.000        0.000        0.000
   572:        0.000        0.000        0.000        0.000
   576:        0.000        0.000        0.000        0.000
   580:        0.000        0.000        0.000        0.000
   584:        0.000        0.000        0.000        0.000
   588:        0.000        0.000        0.000        0.000
   592:        0.000        0.000        0.000        0.000
   596:        0.000        0.000        0.000        0.000
   600:        0.000        0.000        0.000        0.000
   604:        0.000        0.000        0.000        0.000
   608:        0.000        0.000        0.000        0.000
   612:        0.000        0.000        0.000        0.000
   616:        0.000        0.000        0.000        0.000
   620:        0.000        0.000        0.000        0.000
   624:        0.000        0.000        0.000        0.000
   628:        0.000        0.000        0.000        0.000
   632:        0.000        0.000        0.000        0.000
   636:        0.000        0.000        0.000        0.000
   640:        0.000        0.000        0.000        0.000
   644:        0.000        0.000        0.000        0.000
   648:        0.000        0.000        0.000        0.000
   652:        0.000        0.000        0.000        0.000
   656:        0.000        0.000        0.000        0.000
   660:        0.000        0.000        0.000        0.000
   664:        0.000        0.000        0.000        0.000
   668:        0.000        0.000        0.000        0.000
   672:        0.000        0.000        0.000        0.000
   676:        0.000        0.000        0.000        0.000
   680:        0.000        0.000        0.000        0.000
   684:        0.000        0.000        0.000        0.000
   688:        0.000        0.000        0.000        0.000
   692:        0.000        0.000        0.000        0.000
   696:        0.000        0.000        0.000        0.000
   700:        0.000        0.000        0.000        0.000
   704:        0.000        0.000        0.000        0.000
   708:        0.000        0.000        0.000        0.000
   712:        0.000        0.000        0.000        0.000
   716:        0.000        0.000        0.000        0.000
   720:        0.000        0.000        0.000        0.000
   724:        0.000        0.000        0.000        0.000
   728:        0.000        0.000        0.000        0.000
   732:        0.000        0.000        0.000        0.000
   736:        0.000        0.000        0.000        0.000
   740:        0.000        0.000        0.000        0.000
   744:        0.000        0.000        0.000        0.000
   748:        0.000        0.000        0.000        0.000
   752:        0.000        0.000        0.000        0.000
   756:        0.000        0.000        0.000        0.000
   760:        0.000        0.000        0.000        0.000
   764:        0.000        0.000        0.000        0.000
   768:        0.000        0.000        0.000        0.000
   772:        0.000        0.000        0.000        0.000
   776:        0.000        0.000        0.000        0.000
   780:        0.000        0.000        0.000        0.000
   784:        0.000        0.000        0.000        0.000
   788:        0.000        0.000        0.000        0.000
   792:        0.000        0.000        0.000        0.000
   796:        0.000        0.000        0.000        0.000
   800:        0.000        0.000        0.000        0.000
   804:        0.000        0.000        0.000        0.000
   808:        0.000        0.000        0.000        0.000
   812:        0.000        0.000        0.000        0.000
   816:        0.000        0.000        0.000        0.000
   820:        0.000        0.000        0.000        0.000
   824:        0.000        0.000        0.000        0.000
   828:        0.000        0.000        0.000        0.000
   832:        0.000        0.000        0.000        0.000
   836:        0.000        0.000        0.000        0.000
   840:        0.000        0.000        0.000        0.000
   844:        0.000        0.000        0.000        0.000
   848:        0.000        0.000        0.000        0.000
   852:        0.000        0.000        0.000        0.000
   856:        0.000        0.000        0.000        0.000
   860:        0.000        0.000        0.000        0.000
   864:        0.000        0.000        0.000        0.000
   868:        0.000        0.000        0.000        0.000
   872:        0.000        0.000        0.000        0.000
   876:        0.000        0.000        0.000        0.000
   880:        0.000        0.000        0.000        0.000
   884:        0.000        0.000        0.000        0.000
   888:        0.000        0.000        0.000        0.000
   892:        0.000        0.000        0.000        0.000
   896:        0.000        0.000        0.000        0.000
   900:        0.000        0.000        0.000        0.000
   904:        0.000        0.000        0.000        0.000
   908:        0.000        0.000        0.000        0.000
   912:        0.000        0.000        0.000        0.000
   916:        0.000        0.000        0.000        0.000
   920:        0.000        0.000        0.000        0.000
   924:        0.000        0.000        0.000        0.000
   928:        0.000        0.000        0.000        0.000
   932:        0.000        0.000        0.000        0.000
   936:        0.000        0.000        0.000        0.000
   940:        0.000        0.000        0.000        0.000
   944:        0.000        0.000        0.000        0.000
   948:        0.000        0.000        0.000        0.000
   952:        0.000        0.000        0.000        0.000
   956:        0.000        0.000        0.000        0.000
   960:        0.000        0.000        0.000        0.000
   964:        0.000        0.000        0.000        0.000
   968:        0.000        0.000        0.000        0.000
   972:        0.000        0.000        0.000        0.000
   976:        0.000        0.000        0.000        0.000
   980:        0.000        0.000        0.000        0.000
   984:        0.000        0.000        0.000        0.000
   988:        0.000        0.000        0.000        0.000
   992:        0.000        0.000        0.000        0.000
   996:        0.000        0.000        0.000        0.000
  1000:        0.000        0.000        0.000        0.000
  1004:        0.000        0.000        0.000        0.000
  1008:        0.000        0.000        0.000        0.000
  1012:        0.000        0.000        0.000        0.000
  1016:        0.000        0.000        0.000        0.000
  1020:        0.000        0.000        0.000        0.000
  1024:        0.000        0.000        0.000        0.000
  1028:        0.000        0.000        0.000        0.000
  1032:        0.000        0.000        0.000        0.000
  1036:        0.000        0.000        0.000        0.000
  1040:        0.000        0.000        0.000        0.000
  1044:        0.000        0.000        0.000        0.000
  1048:        0.000        0.000        0.000        0.000
  1052:        0.000        0.000        0.000        0.000
  1056:        0.000        0.000        0.000        0.000
  1060:        0.000        0.000        0.000        0.000
  1064:        0.000        0.000        0.000        0.000
  1068:        0.000        0.000        0.000        0.000
  1072:        0.000        0.000        0.000        0.000
  1076:        0.000        0.000        0.000        0.000
  1080:        0.000        0.000        0.000        0.000
  1084:        0.000        0.000        0.000        0.000
  1088:        0.000        0.000        0.000        0.000
  1092:        0.000        0.000        0.000        0.000
  1096:        0.000        0.000        0.000        0.000
  1100:        0.000        0.000        0.000        0.000
  1104:        0.000        0.000        0.000        0.000
  1108:        0.000        0.000        0.000        0.000
  1112:        0.000        0.000        0.000        0.000
  1116:        0.000        0.000        0.000        0.000
  1120:        0.000        0.000        0.000        0.000
  1124:        0.000        0.000        0.000        0.000
  1128:        0.000        0.000        0.000        0.000
  1132:        0.000        0.000        0.000        0.000
  1136:        0.000        0.000        0.000        0.000
  1140:        0.000        0.000        0.000        0.000
  1144:        0.000        0.000        0.000        0.000
  1148:        0.000        0.000        0.000        0.000
  1152:        0.000        0.000        0.000        0.000
  1156:        0.000        0.000        0.000        0.000
  1160:        0.000        0.000        0.000        0.000
  1164:        0.000        0.000        0.000        0.000
  1168:        0.000        0.000        0.000        0.000
  1172:        0.000        0.000        0.000        0.000
  1176:        0.000        0.000        0.000        0.000
  1180:        0.000        0.000        0.000        0.000
  1184:        0.000        0.000        0.000        0.000
  1188:        0.000        0.000        0.000        0.000
  1192:        0.000        0.000        0.000        0.000
  1196:        0.000        0.000        0.000        0.000
  1200:        0.000        0.000        0.000        0.000
  1204:        0.000        0.000        0.000        0.000
  1208:        0.000        0.000        0.000        0.000
  1212:        0.000        0.000        0.000        0.000
  1216:        0.000        0.000        0.000        0.000
  1220:        0.000        0.000        0.000        0.000
  1224:        0.000        0.000        0.000        0.000
  1228:        0.000        0.000        0.000        0.000
  1232:        0.000        0.000        0.000        0.000
  1236:        0.000        0.000        0.000        0.000
  1240:        0.000        0.000        0.000        0.000
  1244:        0.000        0.000        0.000        0.000
  1248:        0.000        0.000        0.000        0.000
  1252:        0.000        0.000        0.000        0.000
  1256:        0.000        0.000        0.000        0.000
  1260:        0.000        0.000        0.000        0.000
  1264:        0.000        0.000        0.000        0.000
  1268:        0.000        0.000        0.000        0.000
  1272:        0.000        0.000        0.000        0.000
  1276:        0.000        0.000        0.000        0.000
  1280:        0.000        0.000        0.000        0.000
  1284:        0.000        0.000        0.000        0.000
  1288:        0.000        0.000        0.000        0.000
  1292:        0.000        0.000        0.000        0.000
  1296:        0.000        0.000        0.000        0.000
  1300:        0.000        0.000        0.000        0.000
  1304:        0.000        0.000        0.000        0.000
  1308:        0.000        0.000        0.000        0.000
  1312:        0.000        0.000        0.000        0.000
  1316:        0.000        0.000        0.000        0.000
  1320:        0.000        0.000        0.000        0.000
  1324:        0.000        0.000        0.000        0.000
  1328:        0.000        0.000        0.000        0.000
  1332:        0.000        0.000        0.000        0.000
  1336:        0.000        0.000        0.000        0.000
  1340:        0.000        0.000        0.000        0.000
  1344:        0.000        0.000        0.000        0.000
  1348:        0.000        0.000        0.000        0.000
  1352:        0.000        0.000        0.000        0.000
  1356:        0.000        0.000        0.000        0.000
  1360:        0.000        0.000        0.000        0.000
  1364:        0.000        0.000        0.000        0.000
  1368:        0.000        0.000        0.000        0.000
  1372:        0.000        0.000        0.000        0.000
  1376:        0.000        0.000        0.000        0.000
  1380:        0.000        0.000        0.000        0.000
  1384:        0.000        0.000        0.000        0.000
  1388:        0.000        0.000        0.000        0.000
  1392:        0.000        0.000        0.000        0.000
  1396:        0.000        0.000        0.000        0.000
  1400:        0.000        0.000        0.000        0.000
  1404:        0.000        0.000        0.000        0.000
  1408:        0.000        0.000        0.000        0.000
  1412:        0.000        0.000        0.000        0.000
  1416:        0.000        0.000        0.000        0.000
  1420:        0.000        0.000        0.000        0.000
  1424:        0.000        0.000        0.000        0.000
  1428:        0.000        0.000        0.000        0.000
  1432:        0.000        0.000        0.000        0.000
  1436:        0.000        0.000        0.000        0.000
  1440:        0.000        0.000        0.000        0.000
  1444:        0.000        0.000        0.000        0.000
  1448:        0.000        0.000        0.000        0.000
  1452:        0.000        0.000        0.000        0.000
  1456:        0.000        0.000        0.000        0.000
  1460:        0.000        0.000        0.000        0.000
  1464:        0.000        0.000        0.000        0.000
  1468:        0.000        0.000        0.000        0.000
  1472:        0.000        0.000        0.000        0.000
  1476:        0.000        0.000        0.000        0.000
  1480:        0.000        0.000        0.000        0.000
  1484:        0.000        0.000        0.000        0.000
  1488:        0.000        0.000        0.000        0.000
  1492:        0.000        0.000        0.000        0.000
  1496:        0.000        0.000        0.000        0.000
  1500:        0.000        0.000        0.000        0.000
  1504:        0.000        0.000        0.000        0.000
  1508:        0.000        0.000        0.000        0.000
  1512:        0.000        0.000        0.000        0.000
  1516:        0.000        0.000        0.000        0.000
  1520:        0.000        0.000        0.000        0.000
  1524:        0.000        0.000        0.000        0.000
  1528:        0.000        0.000        0.000        0.000
  1532:        0.000        0.000        0.000        0.000
  1536:        0.000        0.000        0.000        0.000
  1540:        0.000        0.000        0.000        0.000
  1544:        0.000        0.000        0.000        0.000
  1548:        0.000        0.000        0.000        0.000
  1552:        0.000        0.000        0.000        0.000
  1556:        0.000        0.000        0.000        0.000
  1560:        0.000        0.000        0.000        0.000
  1564:        0.000        0.000        0.000        0.000
  1568:        0.000        0.000        0.000        0.000
  1572:        0.000        0.000        0.000        0.000
  1576:        0.000        0.000        0.000        0.000
  1580:        0.000        0.000        0.000        0.000
  1584:        0.000        0.000        0.000        0.000
  1588:        0.000        0.000        0.000        0.000
  1592:        0.000        0.000        0.000        0.000
  1596:        0.000        0.000        0.000        0.000
  1600:        0.000        0.000        0.000        0.000
  1604:        0.000        0.000        0.000        0.000
  1608:        0.000        0.000        0.000        0.000
  1612:        0.000        0.000        0.000        0.000
  1616:        0.000        0.000        0.000        0.000
  1620:        0.000        0.000        0.000        0.000
  1624:        0.000        0.000        0.000        0.000
  1628:        0.000        0.000        0.000        0.000
  1632:        0.000        0.000        0.000        0.000
  1636:        0.000        0.000        0.000        0.000
  1640:        0.000        0.000        0.000        0.000
  1644:        0.000        0.000        0.000        0.000
  1648:        0.000        0.000        0.000        0.000
  1652:        0.000        0.000        0.000        0.000
  1656:        0.000        0.000        0.000        0.000
  1660:        0.000        0.000        0.000        0.000
  1664:        0.000        0.000        0.000        0.000
  1668:        0.000        0.000        0.000        0.000
  1672:        0.000        0.000        0.000        0.000
  1676:        0.000        0.000        0.000        0.000
  1680:        0.000        0.000        0.000        0.000
  1684:        0.000        0.000        0.000        0.000
  1688:        0.000        0.000        0.000        0.000
  1692:        0.000        0.000        0.000        0.000
  1696:        0.000        0.000        0.000        0.000
  1700:        0.000        0.000        0.000        0.000
  1704:        0.000        0.000        0.000        0.000
  1708:        0.000        0.000        0.000        0.000
  1712:        0.000        0.000        0.000        0.000
  1716:        0.000        0.000        0.000        0.000
  1720:        0.000        0.000        0.000        0.000
  1724:        0.000        0.000        0.000        0.000
  1728:        0.000        0.000        0.000        0.000
  1732:        0.000        0.000        0.000        0.000
  1736:        0.000        0.000        0.000        0.000
  1740:        0.000        0.000        0.000        0.000
  1744:        0.000        0.000        0.000        0.000
  1748:        0.000        0.000        0.000        0.000
  1752:        0.000        0.000        0.000        0.000
  1756:        0.000        0.000        0.000        0.000
  1760:        0.000        0.000        0.000        0.000
  1764:        0.000        0.000        0.000        0.000
  1768:        0.000        0.000        0.000        0.000
  1772:        0.000        0.000        0.000        0.000
  1776:        0.000        0.000        0.000        0.000
  1780:        0.000        0.000        0.000        0.000
  1784:        0.000        0.000        0.000        0.000
  1788:        0.000        0.000        0.000        0.000
  1792:        0.000        0.000        0.000        0.000
  1796:        0.000        0.000        0.000        0.000
  1800:        0.000        0.000        0.000        0.000
  1804:        0.000        0.000        0.000        0.000
  1808:        0.000        0.000        0.000        0.000
  1812:        0.000        0.000        0.000        0.000
  1816:        0.000        0.000        0.000        0.000
  1820:        0.000        0.000        0.000        0.000
  1824:        0.000        0.000        0.000        0.000
  1828:        0.000        0.000        0.000        0.000
  1832:        0.000        0.000        0.000        0.000
  1836:        0.000        0.000        0.000        0.000
  1840:        0.000        0.000        0.000        0.000
  1844:        0.000        0.000        0.000        0.000
  1848:        0.000        0.000        0.000        0.000
  1852:        0.000        0.000        0.000        0.000
  1856:        0.000        0.000        0.000        0.000
  1860:        0.000        0.000        0.000        0.000
  1864:        0.000        0.000        0.000        0.000
  1868:        0.000        0.000        0.000        0.000
  1872:        0.000        0.000        0.000        0.000
  1876:        0.000        0.000        0.000        0.000
  1880:        0.000        0.000        0.000        0.000
  1884:        0.000        0.000        0.000        0.000
  1888:        0.000        0.000        0.000        0.000
  1892:        0.000        0.000        0.000        0.000
  1896:        0.000        0.000        0.000        0.000
  1900:        0.000        0.000        0.000        0.000
  1904:        0.000        0.000        0.000        0.000
  1908:        0.000        0.000        0.000        0.000
  1912:        0.000        0.000        0.000        0.000
  1916:        0.000        0.000        0.000        0.000
  1920:        0.000        0.000        0.000        0.000
  1924:        0.000        0.000        0.000        0.000
  1928:        0.000        0.000        0.000        0.000
  1932:        0.000        0.000        0.000        0.000
  1936:        0.000        0.000        0.000        0.000
  1940:        0.000        0.000        0.000        0.000
  1944:        0.000        0.000        0.000        0.000
  1948:        0.000        0.000        0.000        0.000
  1952:        0.000        0.000        0.000        0.000
  1956:        0.000        0.000        0.000        0.000
  1960:        0.000        0.000        0.000        0.000
  1964:        0.000        0.000        0.000        0.000
  1968:        0.000        0.000        0.000        0.000
  1972:        0.000        0.000        0.000        0.000
  1976:        0.000        0.000        0.000        0.000
  1980:        0.000        0.000        0.000        0.000
  1984:        0.000        0.000        0.000        0.000
  1988:        0.000        0.000        0.000        0.000
  1992:        0.000        0.000        0.000        0.000
  1996:        0.000        0.000        0.000        0.000
  2000:        0.000        0.000        0.000        0.000
  2004:        0.000        0.000        0.000        0.000
  2008:        0.000        0.000        0.000        0.000
  2012:        0.000        0.000        0.000        0.000
  2016:        0.000        0.000        0.000        0.000
  2020:        0.000        0.000        0.000        0.000
  2024:        0.000        0.000        0.000        0.000
  2028:        0.000        0.000        0.000        0.000
  2032:        0.000        0.000        0.000        0.000
  2036:        0.000        0.000        0.000        0.000
  2040:        0.000        0.000        0.000        0.000
  2044:        0.000        0.000        0.000        0.000
  2048:        0.000        0.000        0.000        0.000
  2052:        0.000        0.000        0.000        0.000
  2056:        0.000        0.000        0.000        0.000
  2060:        0.000        0.000        0.000        0.000
  2064:        0.000        0.000        0.000        0.000
  2068:        0.000        0.000        0.000        0.000
  2072:        0.000        0.000        0.000        0.000
  2076:        0.000        0.000        0.000        0.000
  2080:        0.000        0.000        0.000        0.000
  2084:        0.000        0.000        0.000        0.000
  2088:        0.000        0.000        0.000        0.000
  2092:        0.000        0.000        0.000        0.000
  2096:        0.000        0.000        0.000        0.000
  2100:        0.000        0.000        0.000        0.000
  2104:        0.000        0.000        0.000        0.000
  2108:        0.000        0.000        0.000        0.000
  2112:        0.000        0.000        0.000        0.000
  2116:        0.000        0.000        0.000        0.000
  2120:        0.000        0.000        0.000        0.000
  2124:        0.000        0.000        0.000        0.000
  2128:        0.000        0.000        0.000        0.000
  2132:        0.000        0.000        0.000        0.000
  2136:        0.000        0.000        0.000        0.000
  2140:        0.000        0.000        0.000        0.000
  2144:        0.000        0.000        0.000        0.000
  2148:        0.000        0.000        0.000        0.000
  2152:        0.000        0.000        0.000        0.000
  2156:        0.000        0.000        0.000        0.000
  2160:        0.000        0.000        0.000        0.000
  2164:        0.000        0.000        0.000        0.000
  2168:        0.000        0.000        0.000        0.000
  2172:        0.000        0.000        0.000        0.000
  2176:        0.000        0.000        0.000        0.000
  2180:        0.000        0.000        0.000        0.000
  2184:        0.000        0.000        0.000        0.000
  2188:        0.000        0.000        0.000        0.000
  2192:        0.000        0.000        0.000        0.000
  2196:        0.000        0.000        0.000        0.000
  2200:        0.000        0.000        0.000        0.000
  2204:        0.000        0.000        0.000        0.000
  2208:        0.000        0.000        0.000        0.000
  2212:        0.000        0.000        0.000        0.000
  2216:        0.000        0.000        0.000        0.000
  2220:        0.000        0.000        0.000        0.000
  2224:        0.000        0.000        0.000        0.000
  2228:        0.000        0.000        0.000        0.000
  2232:        0.000        0.000        0.000        0.000
  2236:        0.000        0.000        0.000        0.000
  2240:        0.000        0.000        0.000        0.000
  2244:        0.000        0.000        0.000        0.000
  2248:        0.000        0.000        0.000        0.000
  2252:        0.000        0.000        0.000        0.000
  2256:        0.000        0.000        0.000        0.000
  2260:        0.000        0.000        0.000        0.000
  2264:        0.000        0.000        0.000        0.000
  2268:        0.000        0.000        0.000        0.000
  2272:        0.000        0.000        0.000        0.000
  2276:        0.000        0.000        0.000        0.000
  2280:        0.000        0.000        0.000        0.000
  2284:        0.000        0.000        0.000        0.000
  2288:        0.000        0.000        0.000        0.000
  2292:        0.000        0.000        0.000        0.000
  2296:        0.000        0.000        0.000        0.000
  2300:        0.000        0.000        0.000        0.000
  2304:        0.000        0.000        0.000        0.000
  2308:        0.000        0.000        0.000        0.000
  2312:        0.000        0.000        0.000        0.000
  2316:        0.000        0.000        0.000        0.000
  2320:        0.000        0.000        0.000        0.000
  2324:        0.000        0.000        0.000        0.000
  2328:        0.000        0.000        0.000        0.000
  2332:        0.000        0.000        0.000        0.000
  2336:        0.000        0.000        0.000        0.000
  2340:        0.000        0.000        0.000        0.000
  2344:        0.000        0.000        0.000        0.000
  2348:        0.000        0.000        0.000        0.000
  2352:        0.000        0.000        0.000        0.000
  2356:        0.000        0.000        0.000        0.000
  2360:        0.000        0.000        0.000        0.000
  2364:        0.000        0.000        0.000        0.000
  2368:        0.000        0.000        0.000        0.000
  2372:        0.000        0.000        0.000        0.000
  2376:        0.000        0.000        0.000        0.000
  2380:        0.000        0.000        0.000        0.000
  2384:        0.000        0.000        0.000        0.000
  2388:        0.000        0.000        0.000        0.000
  2392:        0.000        0.000        0.000        0.000
  2396:        0.000        0.000        0.000        0.000
  2400:        0.000        0.000        0.000        0.000
  2404:        0.000        0.000        0.000        0.000
  2408:        0.000        0.000        0.000        0.000
  2412:        0.000        0.000        0.000        0.000
  2416:        0.000        0.000        0.000        0.000
  2420:        0.000        0.000        0.000        0.000
  2424:        0.000        0.000        0.000        0.000
  2428:        0.000        0.000        0.000        0.000
  2432:        0.000        0.000        0.000        0.000
  2436:        0.000        0.000        0.000        0.000
  2440:        0.000        0.000        0.000        0.000
  2444:        0.000        0.000        0.000        0.000
  2448:        0.000        0.000        0.000        0.000
  2452:        0.000        0.000        0.000        0.000
  2456:        0.000        0.000        0.000        0.000
  2460:        0.000        0.000        0.000        0.000
  2464:        0.000        0.000        0.000        0.000
  2468:        0.000        0.000        0.000        0.000
  2472:        0.000        0.000        0.000        0.000
  2476:        0.000        0.000        0.000        0.000
  2480:        0.000        0.000        0.000        0.000
  2484:        0.000        0.000        0.000        0.000
  2488:        0.000        0.000        0.000        0.000
  2492:        0.000        0.000        0.000        0.000
  2496:        0.000        0.000        0.000        0.000
  2500:        0.000        0.000        0.000        0.000
  2504:        0.000        0.000        0.000        0.000
  2508:        0.000        0.000        0.000        0.000
  2512:        0.000        0.000        0.000        0.000
  2516:        0.000        0.000        0.000        0.000
  2520:        0.000        0.000        0.000        0.000
  2524:        0.000        0.000        0.000        0.000
  2528:        0.000        0.000        0.000        0.000
  2532:        0.000        0.000        0.000        0.000
  2536:        0.000        0.000        0.000        0.000
  2540:        0.000        0.000        0.000        0.000
  2544:        0.000        0.000        0.000        0.000
  2548:        0.000        0.000        0.000        0.000
  2552:        0.000        0.000        0.000        0.000
  2556:        0.000        0.000        0.000        0.000
  2560:        0.000        0.000        0.000        0.000
  2564:        0.000        0.000        0.000        0.000
  2568:        0.000        0.000        0.000        0.000
  2572:        0.000        0.000        0.000        0.000
  2576:        0.000        0.000        0.000        0.000
  2580:        0.000        0.000        0.000        0.000
  2584:        0.000        0.000        0.000        0.000
  2588:        0.000        0.000        0.000        0.000
  2592:        0.000        0.000        0.000        0.000
  2596:        0.000        0.000        0.000        0.000
  2600:        0.000        0.000        0.000        0.000
  2604:        0.000        0.000        0.000        0.000
  2608:        0.000        0.000        0.000        0.000
  2612:        0.000        0.000        0.000        0.000
  2616:        0.000        0.000        0.000        0.000
  2620:        0.000        0.000        0.000        0.000
  2624:        0.000        0.000        0.000        0.000
  2628:        0.000        0.000        0.000        0.000
  2632:        0.000        0.000        0.000        0.000
  2636:        0.000        0.000        0.000        0.000
  2640:        0.000        0.000        0.000        0.000
  2644:        0.000        0.000        0.000        0.000
  2648:        0.000        0.000        0.000        0.000
  2652:        0.000        0.000        0.000        0.000
  2656:        0.000        0.000        0.000        0.000
  2660:        0.000        0.000        0.000        0.000
  2664:        0.000        0.000        0.000        0.000
  2668:        0.000        0.000        0.000        0.000
  2672:        0.000        0.000        0.000        0.000
  2676:        0.000        0.000        0.000        0.000
  2680:        0.000        0.000        0.000        0.000
  2684:        0.000        0.000        0.000        0.000
  2688:        0.000        0.000        0.000        0.000
  2692:        0.000        0.000        0.000        0.000
  2696:        0.000        0.000        0.000        0.000
  2700:        0.000        0.000        0.000        0.000
  2704:        0.000        0.000        0.000        0.000
  2708:        0.000        0.000        0.000        0.000
  2712:        0.000        0.000        0.000        0.000
  2716:        0.000        0.000        0.000        0.000
  2720:        0.000        0.000        0.000        0.000
  2724:        0.000        0.000        0.000        0.000
  2728:        0.000        0.000        0.000        0.000
  2732:        0.000        0.000        0.000        0.000
  2736:        0.000        0.000        0.000        0.000
  2740:        0.000        0.000        0.000        0.000
  2744:        0.000        0.000        0.000        0.000
  2748:        0.000        0.000        0.000        0.000
  2752:        0.000        0.000        0.000        0.000
  2756:        0.000        0.000        0.000        0.000
  2760:        0.000        0.000        0.000        0.000
  2764:        0.000        0.000        0.000        0.000
  2768:        0.000        0.000        0.000        0.000
  2772:        0.000        0.000        0.000        0.000
  2776:        0.000        0.000        0.000        0.000
  2780:        0.000        0.000        0.000        0.000
  2784:        0.000        0.000        0.000        0.000
  2788:        0.000        0.000        0.000        0.000
  2792:        0.000        0.000        0.000        0.000
  2796:        0.000        0.000        0.000        0.000
  2800:        0.000        0.000        0.000        0.000
  2804:        0.000        0.000        0.000        0.000
  2808:        0.000        0.000        0.000        0.000
  2812:        0.000        0.000        0.000        0.000
  2816:        0.000        0.000        0.000        0.000
  2820:        0.000        0.000        0.000        0.000
  2824:        0.000        0.000        0.000        0.000
  2828:        0.000        0.000        0.000        0.000
  2832:        0.000        0.000        0.000        0.000
  2836:        0.000        0.000        0.000        0.000
  2840:        0.000        0.000        0.000        0.000
  2844:        0.000        0.000        0.000        0.000
  2848:        0.000        0.000        0.000        0.000
  2852:        0.000        0.000        0.000        0.000
  2856:        0.000        0.000        0.000        0.000
  2860:        0.000        0.000        0.000        0.000
  2864:        0.000        0.000        0.000        0.000
  2868:        0.000        0.000        0.000        0.000
  2872:        0.000        0.000        0.000        0.000
  2876:        0.000        0.000        0.000        0.000
  2880:        0.000        0.000        0.000        0.000
  2884:        0.000        0.000        0.000        0.000
  2888:        0.000        0.000        0.000        0.000
  2892:        0.000        0.000        0.000        0.000
  2896:        0.000        0.000        0.000        0.000
  2900:        0.000        0.000        0.000        0.000
  2904:        0.000        0.000        0.000        0.000
  2908:        0.000        0.000        0.000        0.000
  2912:        0.000        0.000        0.000        0.000
  2916:        0.000        0.000        0.000        0.000
  2920:        0.000        0.000        0.000        0.000
  2924:        0.000        0.000        0.000        0.000
  2928:        0.000        0.000        0.000        0.000
  2932:        0.000        0.000        0.000        0.000
  2936:        0.000        0.000        0.000        0.000
  2940:        0.000        0.000        0.000        0.000
  2944:        0.000        0.000        0.000        0.000
  2948:        0.000        0.000        0.000        0.000
  2952:        0.000        0.000        0.000        0.000
  2956:        0.000        0.000        0.000        0.000
  2960:        0.000        0.000        0.000        0.000
  2964:        0.000        0.000        0.000        0.000
  2968:        0.000        0.000        0.000        0.000
  2972:        0.000        0.000        0.000        0.000
  2976:        0.000        0.000        0.000        0.000
  2980:        0.000        0.000        0.000        0.000
  2984:        0.000        0.000        0.000        0.000
  2988:        0.000        0.000        0.000        0.000
  2992:        0.000        0.000        0.000        0.000
  2996:        0.000        0.000        0.000        0.000
  3000:        0.000
P:
     0:   199323.000      100.000       66.000        0.000
     4:        0.000        0.000        0.000       66.000
     8:     1500.000        0.000        8.000       34.000
    12:        0.000     1993.230      230.000        0.000
    16:        0.030        0.000        0.000      500.000
    20:      501.000      502.000      503.000        0.000
    24:      164.000      100.000        0.000      100.000
    28:        0.000        0.000        0.000        0.000
    32:        0.000        0.000        0.000
Q:
     0:       78.000       80.000       82.000
R:
     0:       74.000       76.000       78.000
S:
     0:       70.000       72.000       74.000
T:
     0:        1.000        1.000
U:
     0:       68.000       70.000       72.000
V:
     0:       68.000       70.000       72.000
W:
     0:       68.000       70.000       72.000


Start Date: 06/05/18
End Date: 06/05/18
Subject: TYRN_EG
Experiment: 0
Group: 0
Box: 5
Start Time: 13:27:21
End Time: 16:50:10
MSN: EG_FP_REV16_BOX5
A:      75.000
C:       5.000
D:     100.000
E:       0.000
F:     500.000
I:       0.000
J:       0.000
U:       0.000
V:       0.000
W:       0.000
Y:       0.000
Z:       0.000
B:
     0:        0.000        2.000      500.000       75.000
     4:        0.000        1.000      500.000        0.000
     8:        0.000
G:
     0:      500.000     1000.000     2000.000     8000.000
     4:     4000.000    32000.000
H:
     0:      500.000     1000.000     1500.000
K:
     0:     7000.000     2500.000     7000.000
L:
     0:       70.000       70.000
M:
     0:       70.000       70.000
N:
     0:       70.000       70.000
O:
     0:        0.000        0.000        0.000        0.000
     4:        0.000        0.000        0.000        0.000
     8:     1000.000      250.000     1500.000        4.000
    12:      500.000      250.000     1500.000        4.000
    16:        0.000        0.000        0.000        0.000
    20:     8000.000      250.000     1500.000        4.000
    24:    16000.000      250.000     1000.000        2.000
    28:     8000.000      250.000     1000.000        4.000
    32:        0.000        0.000        0.000        0.000
    36:    32000.000      250.000      500.000        4.000
    40:     8000.000      250.000      500.000        4.000
    44:      500.000      250.000     1500.000        4.000
    48:     8000.000      157.000     1500.000        3.000
    52:     4000.000      250.000      500.000        4.000
    56:      500.000      250.000     1000.000        4.000
    60:     8000.000      250.000     1500.000        4.000
    64:     2000.000      250.000     1000.000        4.000
    68:     2000.000      250.000     1500.000        4.000
    72:        0.000        0.000        0.000        0.000
    76:     1000.000      250.000     1000.000        4.000
    80:     4000.000      250.000     1000.000        4.000
    84:    32000.000      250.000     1000.000        4.000
    88:     1000.000      216.000      500.000        3.000
    92:     8000.000      250.000     1000.000        4.000
    96:     1000.000      250.000     1500.000        4.000
   100:    16000.000      250.000      500.000        2.000
   104:     8000.000      250.000      500.000        4.000
   108:     1000.000      250.000     1500.000        4.000
   112:      500.000      250.000     1500.000        4.000
   116:     1000.000      250.000     1500.000        4.000
   120:    32000.000      250.000      500.000        4.000
   124:    16000.000      250.000     1500.000        2.000
   128:     4000.000      116.000      500.000        3.000
   132:    16000.000      250.000      500.000        2.000
   136:    32000.000      250.000     1000.000        4.000
   140:      500.000      250.000      500.000        4.000
   144:      500.000      250.000     1000.000        4.000
   148:    32000.000      250.000      500.000        4.000
   152:      500.000      250.000      500.000        4.000
   156:     4000.000      250.000     1500.000        4.000
   160:      500.000      250.000     1000.000        4.000
   164:    32000.000      250.000      500.000        4.000
   168:     1000.000      250.000     1000.000        4.000
   172:     4000.000      228.000     1000.000        3.000
   176:     8000.000      250.000     1500.000        4.000
   180:        0.000        0.000        0.000        0.000
   184:    16000.000      250.000     1500.000        2.000
   188:     1000.000      250.000     1000.000        4.000
   192:     8000.000      250.000     1000.000        4.000
   196:     2000.000      250.000      500.000        4.000
   200:    32000.000      250.000     1500.000        4.000
   204:    32000.000      250.000      500.000        4.000
   208:     2000.000      250.000     1000.000        4.000
   212:    16000.000      189.000     1000.000        1.000
   216:    16000.000      250.000      500.000        1.000
   220:     8000.000      250.000     1500.000        4.000
   224:      500.000      250.000      500.000        4.000
   228:    32000.000      250.000      500.000        4.000
   232:     8000.000      250.000     1000.000        4.000
   236:     2000.000      250.000      500.000        4.000
   240:     8000.000      168.000      500.000        3.000
   244:     4000.000      151.000     1500.000        3.000
   248:      500.000      213.000      500.000        3.000
   252:     2000.000      250.000      500.000        4.000
   256:     4000.000      130.000     1500.000        3.000
   260:     4000.000      193.000     1000.000        3.000
   264:     4000.000      191.000     1000.000        3.000
   268:    32000.000      215.000      500.000        3.000
   272:        0.000        0.000        0.000        0.000
   276:     8000.000      250.000      500.000        4.000
   280:     8000.000      250.000      500.000        4.000
   284:    16000.000      250.000      500.000        2.000
   288:    32000.000      250.000     1000.000        4.000
   292:    16000.000      250.000     1000.000        2.000
   296:     1000.000      250.000     1000.000        4.000
   300:    32000.000      250.000     1500.000        4.000
   304:      500.000      250.000      500.000        4.000
   308:     4000.000      127.000      500.000        3.000
   312:     2000.000      250.000      500.000        4.000
   316:     2000.000      250.000     1000.000        4.000
   320:     2000.000      250.000     1000.000        4.000
   324:    32000.000      250.000     1500.000        4.000
   328:     1000.000      250.000     1000.000        4.000
   332:    16000.000      250.000     1000.000        2.000
   336:    16000.000       54.000     1500.000        1.000
   340:     8000.000      250.000     1500.000        4.000
   344:    16000.000      250.000     1500.000        2.000
   348:     4000.000      109.000     1500.000        3.000
   352:     2000.000      250.000      500.000        4.000
   356:    16000.000      250.000     1000.000        2.000
   360:        0.000        0.000        0.000        0.000
   364:     4000.000       96.000      500.000        3.000
   368:     2000.000      250.000      500.000        4.000
   372:     2000.000      250.000      500.000        4.000
   376:        0.000        0.000        0.000        0.000
   380:        0.000        0.000        0.000        0.000
   384:     4000.000      163.000     1000.000        3.000
   388:    32000.000      250.000     1000.000        4.000
   392:     2000.000      201.000     1000.000        3.000
   396:     2000.000      250.000      500.000        4.000
   400:    32000.000      250.000     1000.000        4.000
   404:    16000.000      250.000      500.000        2.000
   408:      500.000      250.000      500.000        4.000
   412:     4000.000      155.000      500.000        3.000
   416:      500.000      250.000     1500.000        4.000
   420:     2000.000      234.000      500.000        3.000
   424:    32000.000      250.000      500.000        4.000
   428:    16000.000      250.000      500.000        2.000
   432:      500.000      250.000     1500.000        4.000
   436:    32000.000      250.000     1500.000        4.000
   440:     4000.000      166.000      500.000        3.000
   444:     1000.000      250.000     1500.000        4.000
   448:     2000.000      166.000     1500.000        3.000
   452:     1000.000      250.000      500.000        4.000
   456:        0.000        0.000        0.000        0.000
   460:      500.000      250.000      500.000        4.000
   464:        0.000        0.000        0.000        0.000
   468:        0.000        0.000        0.000        0.000
   472:        0.000        0.000        0.000        0.000
   476:        0.000        0.000        0.000        0.000
   480:        0.000        0.000        0.000        0.000
   484:        0.000        0.000        0.000        0.000
   488:        0.000        0.000        0.000        0.000
   492:        0.000        0.000        0.000        0.000
   496:        0.000        0.000        0.000        0.000
   500:        0.000        0.000        0.000        0.000
   504:        0.000        0.000        0.000        0.000
   508:        0.000        0.000        0.000        0.000
   512:        0.000        0.000        0.000        0.000
   516:        0.000        0.000        0.000        0.000
   520:        0.000        0.000        0.000        0.000
   524:        0.000        0.000        0.000        0.000
   528:        0.000        0.000        0.000        0.000
   532:        0.000        0.000        0.000        0.000
   536:        0.000        0.000        0.000        0.000
   540:        0.000        0.000        0.000        0.000
   544:        0.000        0.000        0.000        0.000
   548:        0.000        0.000        0.000        0.000
   552:        0.000        0.000        0.000        0.000
   556:        0.000        0.000        0.000        0.000
   560:        0.000        0.000        0.000        0.000
   564:        0.000        0.000        0.000        0.000
   568:        0.000        0.000        0.000        0.000
   572:        0.000        0.000        0.000        0.000
   576:        0.000        0.000        0.000        0.000
   580:        0.000        0.000        0.000        0.000
   584:        0.000        0.000        0.000        0.000
   588:        0.000        0.000        0.000        0.000
   592:        0.000        0.000        0.000        0.000
   596:        0.000        0.000        0.000        0.000
   600:        0.000        0.000        0.000        0.000
   604:        0.000        0.000        0.000        0.000
   608:        0.000        0.000        0.000        0.000
   612:        0.000        0.000        0.000        0.000
   616:        0.000        0.000        0.000        0.000
   620:        0.000        0.000        0.000        0.000
   624:        0.000        0.000        0.000        0.000
   628:        0.000        0.000        0.000        0.000
   632:        0.000        0.000        0.000        0.000
   636:        0.000        0.000        0.000        0.000
   640:        0.000        0.000        0.000        0.000
   644:        0.000        0.000        0.000        0.000
   648:        0.000        0.000        0.000        0.000
   652:        0.000        0.000        0.000        0.000
   656:        0.000        0.000        0.000        0.000
   660:        0.000        0.000        0.000        0.000
   664:        0.000        0.000        0.000        0.000
   668:        0.000        0.000        0.000        0.000
   672:        0.000        0.000        0.000        0.000
   676:        0.000        0.000        0.000        0.000
   680:        0.000        0.000        0.000        0.000
   684:        0.000        0.000        0.000        0.000
   688:        0.000        0.000        0.000        0.000
   692:        0.000        0.000        0.000        0.000
   696:        0.000        0.000        0.000        0.000
   700:        0.000        0.000        0.000        0.000
   704:        0.000        0.000        0.000        0.000
   708:        0.000        0.000        0.000        0.000
   712:        0.000        0.000        0.000        0.000
   716:        0.000        0.000        0.000        0.000
   720:        0.000        0.000        0.000        0.000
   724:        0.000        0.000        0.000        0.000
   728:        0.000        0.000        0.000        0.000
   732:        0.000        0.000        0.000        0.000
   736:        0.000        0.000        0.000        0.000
   740:        0.000        0.000        0.000        0.000
   744:        0.000        0.000        0.000        0.000
   748:        0.000        0.000        0.000        0.000
   752:        0.000        0.000        0.000        0.000
   756:        0.000        0.000        0.000        0.000
   760:        0.000        0.000        0.000        0.000
   764:        0.000        0.000        0.000        0.000
   768:        0.000        0.000        0.000        0.000
   772:        0.000        0.000        0.000        0.000
   776:        0.000        0.000        0.000        0.000
   780:        0.000        0.000        0.000        0.000
   784:        0.000        0.000        0.000        0.000
   788:        0.000        0.000        0.000        0.000
   792:        0.000        0.000        0.000        0.000
   796:        0.000        0.000        0.000        0.000
   800:        0.000        0.000        0.000        0.000
   804:        0.000        0.000        0.000        0.000
   808:        0.000        0.000        0.000        0.000
   812:        0.000        0.000        0.000        0.000
   816:        0.000        0.000        0.000        0.000
   820:        0.000        0.000        0.000        0.000
   824:        0.000        0.000        0.000        0.000
   828:        0.000        0.000        0.000        0.000
   832:        0.000        0.000        0.000        0.000
   836:        0.000        0.000        0.000        0.000
   840:        0.000        0.000        0.000        0.000
   844:        0.000        0.000        0.000        0.000
   848:        0.000        0.000        0.000        0.000
   852:        0.000        0.000        0.000        0.000
   856:        0.000        0.000        0.000        0.000
   860:        0.000        0.000        0.000        0.000
   864:        0.000        0.000        0.000        0.000
   868:        0.000        0.000        0.000        0.000
   872:        0.000        0.000        0.000        0.000
   876:        0.000        0.000        0.000        0.000
   880:        0.000        0.000        0.000        0.000
   884:        0.000        0.000        0.000        0.000
   888:        0.000        0.000        0.000        0.000
   892:        0.000        0.000        0.000        0.000
   896:        0.000        0.000        0.000        0.000
   900:        0.000        0.000        0.000        0.000
   904:        0.000        0.000        0.000        0.000
   908:        0.000        0.000        0.000        0.000
   912:        0.000        0.000        0.000        0.000
   916:        0.000        0.000        0.000        0.000
   920:        0.000        0.000        0.000        0.000
   924:        0.000        0.000        0.000        0.000
   928:        0.000        0.000        0.000        0.000
   932:        0.000        0.000        0.000        0.000
   936:        0.000        0.000        0.000        0.000
   940:        0.000        0.000        0.000        0.000
   944:        0.000        0.000        0.000        0.000
   948:        0.000        0.000        0.000        0.000
   952:        0.000        0.000        0.000        0.000
   956:        0.000        0.000        0.000        0.000
   960:        0.000        0.000        0.000        0.000
   964:        0.000        0.000        0.000        0.000
   968:        0.000        0.000        0.000        0.000
   972:        0.000        0.000        0.000        0.000
   976:        0.000        0.000        0.000        0.000
   980:        0.000        0.000        0.000        0.000
   984:        0.000        0.000        0.000        0.000
   988:        0.000        0.000        0.000        0.000
   992:        0.000        0.000        0.000        0.000
   996:        0.000        0.000        0.000        0.000
  1000:        0.000        0.000        0.000        0.000
  1004:        0.000        0.000        0.000        0.000
  1008:        0.000        0.000        0.000        0.000
  1012:        0.000        0.000        0.000        0.000
  1016:        0.000        0.000        0.000        0.000
  1020:        0.000        0.000        0.000        0.000
  1024:        0.000        0.000        0.000        0.000
  1028:        0.000        0.000        0.000        0.000
  1032:        0.000        0.000        0.000        0.000
  1036:        0.000        0.000        0.000        0.000
  1040:        0.000        0.000        0.000        0.000
  1044:        0.000        0.000        0.000        0.000
  1048:        0.000        0.000        0.000        0.000
  1052:        0.000        0.000        0.000        0.000
  1056:        0.000        0.000        0.000        0.000
  1060:        0.000        0.000        0.000        0.000
  1064:        0.000        0.000        0.000        0.000
  1068:        0.000        0.000        0.000        0.000
  1072:        0.000        0.000        0.000        0.000
  1076:        0.000        0.000        0.000        0.000
  1080:        0.000        0.000        0.000        0.000
  1084:        0.000        0.000        0.000        0.000
  1088:        0.000        0.000        0.000        0.000
  1092:        0.000        0.000        0.000        0.000
  1096:        0.000        0.000        0.000        0.000
  1100:        0.000        0.000        0.000        0.000
  1104:        0.000        0.000        0.000        0.000
  1108:        0.000        0.000        0.000        0.000
  1112:        0.000        0.000        0.000        0.000
  1116:        0.000        0.000        0.000        0.000
  1120:        0.000        0.000        0.000        0.000
  1124:        0.000        0.000        0.000        0.000
  1128:        0.000        0.000        0.000        0.000
  1132:        0.000        0.000        0.000        0.000
  1136:        0.000        0.000        0.000        0.000
  1140:        0.000        0.000        0.000        0.000
  1144:        0.000        0.000        0.000        0.000
  1148:        0.000        0.000        0.000        0.000
  1152:        0.000        0.000        0.000        0.000
  1156:        0.000        0.000        0.000        0.000
  1160:        0.000        0.000        0.000        0.000
  1164:        0.000        0.000        0.000        0.000
  1168:        0.000        0.000        0.000        0.000
  1172:        0.000        0.000        0.000        0.000
  1176:        0.000        0.000        0.000        0.000
  1180:        0.000        0.000        0.000        0.000
  1184:        0.000        0.000        0.000        0.000
  1188:        0.000        0.000        0.000        0.000
  1192:        0.000        0.000        0.000        0.000
  1196:        0.000        0.000        0.000        0.000
  1200:        0.000        0.000        0.000        0.000
  1204:        0.000        0.000        0.000        0.000
  1208:        0.000        0.000        0.000        0.000
  1212:        0.000        0.000        0.000        0.000
  1216:        0.000        0.000        0.000        0.000
  1220:        0.000        0.000        0.000        0.000
  1224:        0.000        0.000        0.000        0.000
  1228:        0.000        0.000        0.000        0.000
  1232:        0.000        0.000        0.000        0.000
  1236:        0.000        0.000        0.000        0.000
  1240:        0.000        0.000        0.000        0.000
  1244:        0.000        0.000        0.000        0.000
  1248:        0.000        0.000        0.000        0.000
  1252:        0.000        0.000        0.000        0.000
  1256:        0.000        0.000        0.000        0.000
  1260:        0.000        0.000        0.000        0.000
  1264:        0.000        0.000        0.000        0.000
  1268:        0.000        0.000        0.000        0.000
  1272:        0.000        0.000        0.000        0.000
  1276:        0.000        0.000        0.000        0.000
  1280:        0.000        0.000        0.000        0.000
  1284:        0.000        0.000        0.000        0.000
  1288:        0.000        0.000        0.000        0.000
  1292:        0.000        0.000        0.000        0.000
  1296:        0.000        0.000        0.000        0.000
  1300:        0.000        0.000        0.000        0.000
  1304:        0.000        0.000        0.000        0.000
  1308:        0.000        0.000        0.000        0.000
  1312:        0.000        0.000        0.000        0.000
  1316:        0.000        0.000        0.000        0.000
  1320:        0.000        0.000        0.000        0.000
  1324:        0.000        0.000        0.000        0.000
  1328:        0.000        0.000        0.000        0.000
  1332:        0.000        0.000        0.000        0.000
  1336:        0.000        0.000        0.000        0.000
  1340:        0.000        0.000        0.000        0.000
  1344:        0.000        0.000        0.000        0.000
  1348:        0.000        0.000        0.000        0.000
  1352:        0.000        0.000        0.000        0.000
  1356:        0.000        0.000        0.000        0.000
  1360:        0.000        0.000        0.000        0.000
  1364:        0.000        0.000        0.000        0.000
  1368:        0.000        0.000        0.000        0.000
  1372:        0.000        0.000        0.000        0.000
  1376:        0.000        0.000        0.000        0.000
  1380:        0.000        0.000        0.000        0.000
  1384:        0.000        0.000        0.000        0.000
  1388:        0.000        0.000        0.000        0.000
  1392:        0.000        0.000        0.000        0.000
  1396:        0.000        0.000        0.000        0.000
  1400:        0.000        0.000        0.000        0.000
  1404:        0.000        0.000        0.000        0.000
  1408:        0.000        0.000        0.000        0.000
  1412:        0.000        0.000        0.000        0.000
  1416:        0.000        0.000        0.000        0.000
  1420:        0.000        0.000        0.000        0.000
  1424:        0.000        0.000        0.000        0.000
  1428:        0.000        0.000        0.000        0.000
  1432:        0.000        0.000        0.000        0.000
  1436:        0.000        0.000        0.000        0.000
  1440:        0.000        0.000        0.000        0.000
  1444:        0.000        0.000        0.000        0.000
  1448:        0.000        0.000        0.000        0.000
  1452:        0.000        0.000        0.000        0.000
  1456:        0.000        0.000        0.000        0.000
  1460:        0.000        0.000        0.000        0.000
  1464:        0.000        0.000        0.000        0.000
  1468:        0.000        0.000        0.000        0.000
  1472:        0.000        0.000        0.000        0.000
  1476:        0.000        0.000        0.000        0.000
  1480:        0.000        0.000        0.000        0.000
  1484:        0.000        0.000        0.000        0.000
  1488:        0.000        0.000        0.000        0.000
  1492:        0.000        0.000        0.000        0.000
  1496:        0.000        0.000        0.000        0.000
  1500:        0.000        0.000        0.000        0.000
  1504:        0.000        0.000        0.000        0.000
  1508:        0.000        0.000        0.000        0.000
  1512:        0.000        0.000        0.000        0.000
  1516:        0.000        0.000        0.000        0.000
  1520:        0.000        0.000        0.000        0.000
  1524:        0.000        0.000        0.000        0.000
  1528:        0.000        0.000        0.000        0.000
  1532:        0.000        0.000        0.000        0.000
  1536:        0.000        0.000        0.000        0.000
  1540:        0.000        0.000        0.000        0.000
  1544:        0.000        0.000        0.000        0.000
  1548:        0.000        0.000        0.000        0.000
  1552:        0.000        0.000        0.000        0.000
  1556:        0.000        0.000        0.000        0.000
  1560:        0.000        0.000        0.000        0.000
  1564:        0.000        0.000        0.000        0.000
  1568:        0.000        0.000        0.000        0.000
  1572:        0.000        0.000        0.000        0.000
  1576:        0.000        0.000        0.000        0.000
  1580:        0.000        0.000        0.000        0.000
  1584:        0.000        0.000        0.000        0.000
  1588:        0.000        0.000        0.000        0.000
  1592:        0.000        0.000        0.000        0.000
  1596:        0.000        0.000        0.000        0.000
  1600:        0.000        0.000        0.000        0.000
  1604:        0.000        0.000        0.000        0.000
  1608:        0.000        0.000        0.000        0.000
  1612:        0.000        0.000        0.000        0.000
  1616:        0.000        0.000        0.000        0.000
  1620:        0.000        0.000        0.000        0.000
  1624:        0.000        0.000        0.000        0.000
  1628:        0.000        0.000        0.000        0.000
  1632:        0.000        0.000        0.000        0.000
  1636:        0.000        0.000        0.000        0.000
  1640:        0.000        0.000        0.000        0.000
  1644:        0.000        0.000        0.000        0.000
  1648:        0.000        0.000        0.000        0.000
  1652:        0.000        0.000        0.000        0.000
  1656:        0.000        0.000        0.000        0.000
  1660:        0.000        0.000        0.000        0.000
  1664:        0.000        0.000        0.000        0.000
  1668:        0.000        0.000        0.000        0.000
  1672:        0.000        0.000        0.000        0.000
  1676:        0.000        0.000        0.000        0.000
  1680:        0.000        0.000        0.000        0.000
  1684:        0.000        0.000        0.000        0.000
  1688:        0.000        0.000        0.000        0.000
  1692:        0.000        0.000        0.000        0.000
  1696:        0.000        0.000        0.000        0.000
  1700:        0.000        0.000        0.000        0.000
  1704:        0.000        0.000        0.000        0.000
  1708:        0.000        0.000        0.000        0.000
  1712:        0.000        0.000        0.000        0.000
  1716:        0.000        0.000        0.000        0.000
  1720:        0.000        0.000        0.000        0.000
  1724:        0.000        0.000        0.000        0.000
  1728:        0.000        0.000        0.000        0.000
  1732:        0.000        0.000        0.000        0.000
  1736:        0.000        0.000        0.000        0.000
  1740:        0.000        0.000        0.000        0.000
  1744:        0.000        0.000        0.000        0.000
  1748:        0.000        0.000        0.000        0.000
  1752:        0.000        0.000        0.000        0.000
  1756:        0.000        0.000        0.000        0.000
  1760:        0.000        0.000        0.000        0.000
  1764:        0.000        0.000        0.000        0.000
  1768:        0.000        0.000        0.000        0.000
  1772:        0.000        0.000        0.000        0.000
  1776:        0.000        0.000        0.000        0.000
  1780:        0.000        0.000        0.000        0.000
  1784:        0.000        0.000        0.000        0.000
  1788:        0.000        0.000        0.000        0.000
  1792:        0.000        0.000        0.000        0.000
  1796:        0.000        0.000        0.000        0.000
  1800:        0.000        0.000        0.000        0.000
  1804:        0.000        0.000        0.000        0.000
  1808:        0.000        0.000        0.000        0.000
  1812:        0.000        0.000        0.000        0.000
  1816:        0.000        0.000        0.000        0.000
  1820:        0.000        0.000        0.000        0.000
  1824:        0.000        0.000        0.000        0.000
  1828:        0.000        0.000        0.000        0.000
  1832:        0.000        0.000        0.000        0.000
  1836:        0.000        0.000        0.000        0.000
  1840:        0.000        0.000        0.000        0.000
  1844:        0.000        0.000        0.000        0.000
  1848:        0.000        0.000        0.000        0.000
  1852:        0.000        0.000        0.000        0.000
  1856:        0.000        0.000        0.000        0.000
  1860:        0.000        0.000        0.000        0.000
  1864:        0.000        0.000        0.000        0.000
  1868:        0.000        0.000        0.000        0.000
  1872:        0.000        0.000        0.000        0.000
  1876:        0.000        0.000        0.000        0.000
  1880:        0.000        0.000        0.000        0.000
  1884:        0.000        0.000        0.000        0.000
  1888:        0.000        0.000        0.000        0.000
  1892:        0.000        0.000        0.000        0.000
  1896:        0.000        0.000        0.000        0.000
  1900:        0.000        0.000        0.000        0.000
  1904:        0.000        0.000        0.000        0.000
  1908:        0.000        0.000        0.000        0.000
  1912:        0.000        0.000        0.000        0.000
  1916:        0.000        0.000        0.000        0.000
  1920:        0.000        0.000        0.000        0.000
  1924:        0.000        0.000        0.000        0.000
  1928:        0.000        0.000        0.000        0.000
  1932:        0.000        0.000        0.000        0.000
  1936:        0.000        0.000        0.000        0.000
  1940:        0.000        0.000        0.000        0.000
  1944:        0.000        0.000        0.000        0.000
  1948:        0.000        0.000        0.000        0.000
  1952:        0.000        0.000        0.000        0.000
  1956:        0.000        0.000        0.000        0.000
  1960:        0.000        0.000        0.000        0.000
  1964:        0.000        0.000        0.000        0.000
  1968:        0.000        0.000        0.000        0.000
  1972:        0.000        0.000        0.000        0.000
  1976:        0.000        0.000        0.000        0.000
  1980:        0.000        0.000        0.000        0.000
  1984:        0.000        0.000        0.000        0.000
  1988:        0.000        0.000        0.000        0.000
  1992:        0.000        0.000        0.000        0.000
  1996:        0.000        0.000        0.000        0.000
  2000:        0.000        0.000        0.000        0.000
  2004:        0.000        0.000        0.000        0.000
  2008:        0.000        0.000        0.000        0.000
  2012:        0.000        0.000        0.000        0.000
  2016:        0.000        0.000        0.000        0.000
  2020:        0.000        0.000        0.000        0.000
  2024:        0.000        0.000        0.000        0.000
  2028:        0.000        0.000        0.000        0.000
  2032:        0.000        0.000        0.000        0.000
  2036:        0.000        0.000        0.000        0.000
  2040:        0.000        0.000        0.000        0.000
  2044:        0.000        0.000        0.000        0.000
  2048:        0.000        0.000        0.000        0.000
  2052:        0.000        0.000        0.000        0.000
  2056:        0.000        0.000        0.000        0.000
  2060:        0.000        0.000        0.000        0.000
  2064:        0.000        0.000        0.000        0.000
  2068:        0.000        0.000        0.000        0.000
  2072:        0.000        0.000        0.000        0.000
  2076:        0.000        0.000        0.000        0.000
  2080:        0.000        0.000        0.000        0.000
  2084:        0.000        0.000        0.000        0.000
  2088:        0.000        0.000        0.000        0.000
  2092:        0.000        0.000        0.000        0.000
  2096:        0.000        0.000        0.000        0.000
  2100:        0.000        0.000        0.000        0.000
  2104:        0.000        0.000        0.000        0.000
  2108:        0.000        0.000        0.000        0.000
  2112:        0.000        0.000        0.000        0.000
  2116:        0.000        0.000        0.000        0.000
  2120:        0.000        0.000        0.000        0.000
  2124:        0.000        0.000        0.000        0.000
  2128:        0.000        0.000        0.000        0.000
  2132:        0.000        0.000        0.000        0.000
  2136:        0.000        0.000        0.000        0.000
  2140:        0.000        0.000        0.000        0.000
  2144:        0.000        0.000        0.000        0.000
  2148:        0.000        0.000        0.000        0.000
  2152:        0.000        0.000        0.000        0.000
  2156:        0.000        0.000        0.000        0.000
  2160:        0.000        0.000        0.000        0.000
  2164:        0.000        0.000        0.000        0.000
  2168:        0.000        0.000        0.000        0.000
  2172:        0.000        0.000        0.000        0.000
  2176:        0.000        0.000        0.000        0.000
  2180:        0.000        0.000        0.000        0.000
  2184:        0.000        0.000        0.000        0.000
  2188:        0.000        0.000        0.000        0.000
  2192:        0.000        0.000        0.000        0.000
  2196:        0.000        0.000        0.000        0.000
  2200:        0.000        0.000        0.000        0.000
  2204:        0.000        0.000        0.000        0.000
  2208:        0.000        0.000        0.000        0.000
  2212:        0.000        0.000        0.000        0.000
  2216:        0.000        0.000        0.000        0.000
  2220:        0.000        0.000        0.000        0.000
  2224:        0.000        0.000        0.000        0.000
  2228:        0.000        0.000        0.000        0.000
  2232:        0.000        0.000        0.000        0.000
  2236:        0.000        0.000        0.000        0.000
  2240:        0.000        0.000        0.000        0.000
  2244:        0.000        0.000        0.000        0.000
  2248:        0.000        0.000        0.000        0.000
  2252:        0.000        0.000        0.000        0.000
  2256:        0.000        0.000        0.000        0.000
  2260:        0.000        0.000        0.000        0.000
  2264:        0.000        0.000        0.000        0.000
  2268:        0.000        0.000        0.000        0.000
  2272:        0.000        0.000        0.000        0.000
  2276:        0.000        0.000        0.000        0.000
  2280:        0.000        0.000        0.000        0.000
  2284:        0.000        0.000        0.000        0.000
  2288:        0.000        0.000        0.000        0.000
  2292:        0.000        0.000        0.000        0.000
  2296:        0.000        0.000        0.000        0.000
  2300:        0.000        0.000        0.000        0.000
  2304:        0.000        0.000        0.000        0.000
  2308:        0.000        0.000        0.000        0.000
  2312:        0.000        0.000        0.000        0.000
  2316:        0.000        0.000        0.000        0.000
  2320:        0.000        0.000        0.000        0.000
  2324:        0.000        0.000        0.000        0.000
  2328:        0.000        0.000        0.000        0.000
  2332:        0.000        0.000        0.000        0.000
  2336:        0.000        0.000        0.000        0.000
  2340:        0.000        0.000        0.000        0.000
  2344:        0.000        0.000        0.000        0.000
  2348:        0.000        0.000        0.000        0.000
  2352:        0.000        0.000        0.000        0.000
  2356:        0.000        0.000        0.000        0.000
  2360:        0.000        0.000        0.000        0.000
  2364:        0.000        0.000        0.000        0.000
  2368:        0.000        0.000        0.000        0.000
  2372:        0.000        0.000        0.000        0.000
  2376:        0.000        0.000        0.000        0.000
  2380:        0.000        0.000        0.000        0.000
  2384:        0.000        0.000        0.000        0.000
  2388:        0.000        0.000        0.000        0.000
  2392:        0.000        0.000        0.000        0.000
  2396:        0.000        0.000        0.000        0.000
  2400:        0.000        0.000        0.000        0.000
  2404:        0.000        0.000        0.000        0.000
  2408:        0.000        0.000        0.000        0.000
  2412:        0.000        0.000        0.000        0.000
  2416:        0.000        0.000        0.000        0.000
  2420:        0.000        0.000        0.000        0.000
  2424:        0.000        0.000        0.000        0.000
  2428:        0.000        0.000        0.000        0.000
  2432:        0.000        0.000        0.000        0.000
  2436:        0.000        0.000        0.000        0.000
  2440:        0.000        0.000        0.000        0.000
  2444:        0.000        0.000        0.000        0.000
  2448:        0.000        0.000        0.000        0.000
  2452:        0.000        0.000        0.000        0.000
  2456:        0.000        0.000        0.000        0.000
  2460:        0.000        0.000        0.000        0.000
  2464:        0.000        0.000        0.000        0.000
  2468:        0.000        0.000        0.000        0.000
  2472:        0.000        0.000        0.000        0.000
  2476:        0.000        0.000        0.000        0.000
  2480:        0.000        0.000        0.000        0.000
  2484:        0.000        0.000        0.000        0.000
  2488:        0.000        0.000        0.000        0.000
  2492:        0.000        0.000        0.000        0.000
  2496:        0.000        0.000        0.000        0.000
  2500:        0.000        0.000        0.000        0.000
  2504:        0.000        0.000        0.000        0.000
  2508:        0.000        0.000        0.000        0.000
  2512:        0.000        0.000        0.000        0.000
  2516:        0.000        0.000        0.000        0.000
  2520:        0.000        0.000        0.000        0.000
  2524:        0.000        0.000        0.000        0.000
  2528:        0.000        0.000        0.000        0.000
  2532:        0.000        0.000        0.000        0.000
  2536:        0.000        0.000        0.000        0.000
  2540:        0.000        0.000        0.000        0.000
  2544:        0.000        0.000        0.000        0.000
  2548:        0.000        0.000        0.000        0.000
  2552:        0.000        0.000        0.000        0.000
  2556:        0.000        0.000        0.000        0.000
  2560:        0.000        0.000        0.000        0.000
  2564:        0.000        0.000        0.000        0.000
  2568:        0.000        0.000        0.000        0.000
  2572:        0.000        0.000        0.000        0.000
  2576:        0.000        0.000        0.000        0.000
  2580:        0.000        0.000        0.000        0.000
  2584:        0.000        0.000        0.000        0.000
  2588:        0.000        0.000        0.000        0.000
  2592:        0.000        0.000        0.000        0.000
  2596:        0.000        0.000        0.000        0.000
  2600:        0.000        0.000        0.000        0.000
  2604:        0.000        0.000        0.000        0.000
  2608:        0.000        0.000        0.000        0.000
  2612:        0.000        0.000        0.000        0.000
  2616:        0.000        0.000        0.000        0.000
  2620:        0.000        0.000        0.000        0.000
  2624:        0.000        0.000        0.000        0.000
  2628:        0.000        0.000        0.000        0.000
  2632:        0.000        0.000        0.000        0.000
  2636:        0.000        0.000        0.000        0.000
  2640:        0.000        0.000        0.000        0.000
  2644:        0.000        0.000        0.000        0.000
  2648:        0.000        0.000        0.000        0.000
  2652:        0.000        0.000        0.000        0.000
  2656:        0.000        0.000        0.000        0.000
  2660:        0.000        0.000        0.000        0.000
  2664:        0.000        0.000        0.000        0.000
  2668:        0.000        0.000        0.000        0.000
  2672:        0.000        0.000        0.000        0.000
  2676:        0.000        0.000        0.000        0.000
  2680:        0.000        0.000        0.000        0.000
  2684:        0.000        0.000        0.000        0.000
  2688:        0.000        0.000        0.000        0.000
  2692:        0.000        0.000        0.000        0.000
  2696:        0.000        0.000        0.000        0.000
  2700:        0.000        0.000        0.000        0.000
  2704:        0.000        0.000        0.000        0.000
  2708:        0.000        0.000        0.000        0.000
  2712:        0.000        0.000        0.000        0.000
  2716:        0.000        0.000        0.000        0.000
  2720:        0.000        0.000        0.000        0.000
  2724:        0.000        0.000        0.000        0.000
  2728:        0.000        0.000        0.000        0.000
  2732:        0.000        0.000        0.000        0.000
  2736:        0.000        0.000        0.000        0.000
  2740:        0.000        0.000        0.000        0.000
  2744:        0.000        0.000        0.000        0.000
  2748:        0.000        0.000        0.000        0.000
  2752:        0.000        0.000        0.000        0.000
  2756:        0.000        0.000        0.000        0.000
  2760:        0.000        0.000        0.000        0.000
  2764:        0.000        0.000        0.000        0.000
  2768:        0.000        0.000        0.000        0.000
  2772:        0.000        0.000        0.000        0.000
  2776:        0.000        0.000        0.000        0.000
  2780:        0.000        0.000        0.000        0.000
  2784:        0.000        0.000        0.000        0.000
  2788:        0.000        0.000        0.000        0.000
  2792:        0.000        0.000        0.000        0.000
  2796:        0.000        0.000        0.000        0.000
  2800:        0.000        0.000        0.000        0.000
  2804:        0.000        0.000        0.000        0.000
  2808:        0.000        0.000        0.000        0.000
  2812:        0.000        0.000        0.000        0.000
  2816:        0.000        0.000        0.000        0.000
  2820:        0.000        0.000        0.000        0.000
  2824:        0.000        0.000        0.000        0.000
  2828:        0.000        0.000        0.000        0.000
  2832:        0.000        0.000        0.000        0.000
  2836:        0.000        0.000        0.000        0.000
  2840:        0.000        0.000        0.000        0.000
  2844:        0.000        0.000        0.000        0.000
  2848:        0.000        0.000        0.000        0.000
  2852:        0.000        0.000        0.000        0.000
  2856:        0.000        0.000        0.000        0.000
  2860:        0.000        0.000        0.000        0.000
  2864:        0.000        0.000        0.000        0.000
  2868:        0.000        0.000        0.000        0.000
  2872:        0.000        0.000        0.000        0.000
  2876:        0.000        0.000        0.000        0.000
  2880:        0.000        0.000        0.000        0.000
  2884:        0.000        0.000        0.000        0.000
  2888:        0.000        0.000        0.000        0.000
  2892:        0.000        0.000        0.000        0.000
  2896:        0.000        0.000        0.000        0.000
  2900:        0.000        0.000        0.000        0.000
  2904:        0.000        0.000        0.000        0.000
  2908:        0.000        0.000        0.000        0.000
  2912:        0.000        0.000        0.000        0.000
  2916:        0.000        0.000        0.000        0.000
  2920:        0.000        0.000        0.000        0.000
  2924:        0.000        0.000        0.000        0.000
  2928:        0.000        0.000        0.000        0.000
  2932:        0.000        0.000        0.000        0.000
  2936:        0.000        0.000        0.000        0.000
  2940:        0.000        0.000        0.000        0.000
  2944:        0.000        0.000        0.000        0.000
  2948:        0.000        0.000        0.000        0.000
  2952:        0.000        0.000        0.000        0.000
  2956:        0.000        0.000        0.000        0.000
  2960:        0.000        0.000        0.000        0.000
  2964:        0.000        0.000        0.000        0.000
  2968:        0.000        0.000        0.000        0.000
  2972:        0.000        0.000        0.000        0.000
  2976:        0.000        0.000        0.000        0.000
  2980:        0.000        0.000        0.000        0.000
  2984:        0.000        0.000        0.000        0.000
  2988:        0.000        0.000        0.000        0.000
  2992:        0.000        0.000        0.000        0.000
  2996:        0.000        0.000        0.000        0.000
  3000:        0.000
P:
     0:   259041.000      105.000        3.000       20.000
     4:        0.000        0.000        0.000        3.000
     8:     1000.000        0.000      250.000       12.000
    12:       20.000     2590.410      145.000        0.000
    16:        0.030       70.000        0.000      460.000
    20:      461.000      462.000      463.000        0.000
    24:      122.000       15.000       90.000      105.000
    28:        0.000        0.000       16.000       15.000
    32:       15.000        0.000        0.000
Q:
     0:       80.000       80.000
R:
     0:      100.000      100.000
S:
     0:       70.000       70.000
T:
     0:        1.000        2.000        2.000        2.000
     4:        2.000        2.000        2.000
X:
     0:      100.000      100.000
