File: C:\MED-PC IV\DATA\!2018-06-09


Start Date: 06/09/18
End Date: 06/09/18
Subject: TYRN_EG
Experiment: 0
Group: 0
Box: 5
Start Time: 16:27:26
End Time: 16:55:22
MSN: EG_FP_REV16_TONE_BOX5
A:      63.000
C:       5.000
D:     100.000
E:       0.000
F:    4000.000
I:       0.000
J:       0.000
U:       0.000
V:       0.000
W:       0.000
Y:       0.000
Z:       0.000
B:
     0:        0.000        2.000     4000.000       63.000
     4:        0.000        3.000     1500.000        0.000
     8:        0.000
G:
     0:      500.000     1000.000     2000.000     8000.000
     4:     4000.000    32000.000
H:
     0:      500.000     1000.000     1500.000
K:
     0:     7000.000     2500.000     7000.000
L:
     0:       70.000       70.000
M:
     0:       70.000       70.000
N:
     0:       70.000       70.000
O:
     0:        0.000        0.000        0.000        0.000
     4:        0.000        0.000        0.000        0.000
     8:     1000.000      250.000      500.000        4.000
    12:        0.000        0.000        0.000        0.000
    16:        0.000        0.000        0.000        0.000
    20:    16000.000      250.000      500.000        2.000
    24:     1000.000      149.000     1000.000        3.000
    28:     8000.000      124.000     1500.000        3.000
    32:     1000.000      250.000      500.000        4.000
    36:    16000.000      162.000     1000.000        1.000
    40:    16000.000      127.000      500.000        1.000
    44:    16000.000      130.000      500.000        1.000
    48:    16000.000      155.000      500.000        1.000
    52:     2000.000      250.000      500.000        4.000
    56:     2000.000      153.000     1000.000        3.000
    60:     2000.000      112.000     1000.000        3.000
    64:    16000.000      106.000     1500.000        1.000
    68:    16000.000       47.000     1000.000        1.000
    72:    16000.000      123.000      500.000        1.000
    76:    16000.000       92.000     1500.000        1.000
    80:    16000.000       25.000     1500.000        1.000
    84:    16000.000      250.000     1500.000        2.000
    88:    16000.000      250.000     1000.000        2.000
    92:    16000.000       38.000     1000.000        1.000
    96:     1000.000       43.000     1500.000        3.000
   100:    16000.000      250.000      500.000        2.000
   104:    16000.000      143.000      500.000        1.000
   108:    32000.000      174.000     1000.000        3.000
   112:      500.000       13.000     1500.000        3.000
   116:    16000.000       31.000     1500.000        1.000
   120:    16000.000        3.000      500.000        1.000
   124:    16000.000      144.000      500.000        1.000
   128:        0.000        0.000        0.000        0.000
   132:        0.000        0.000        0.000        0.000
   136:    16000.000       94.000     1000.000        1.000
   140:     1000.000      116.000      500.000        3.000
   144:    16000.000      106.000     1000.000        1.000
   148:     4000.000       23.000      500.000        3.000
   152:     4000.000      190.000     1000.000        3.000
   156:        0.000        0.000        0.000        0.000
   160:    16000.000       76.000      500.000        1.000
   164:    16000.000      232.000     1000.000        1.000
   168:    16000.000       46.000      500.000        1.000
   172:     8000.000      250.000     1000.000        4.000
   176:      500.000       32.000     1000.000        3.000
   180:        0.000        0.000        0.000        0.000
   184:    16000.000      250.000     1500.000        2.000
   188:        0.000        0.000        0.000        0.000
   192:     8000.000       24.000      500.000        3.000
   196:     8000.000      134.000      500.000        3.000
   200:    16000.000       85.000      500.000        1.000
   204:        0.000        0.000        0.000        0.000
   208:        0.000        0.000        0.000        0.000
   212:    16000.000       67.000     1000.000        1.000
   216:    32000.000       85.000      500.000        3.000
   220:    16000.000      250.000     1500.000        2.000
   224:    32000.000       80.000     1500.000        3.000
   228:      500.000      250.000     1500.000        4.000
   232:    16000.000       13.000      500.000        1.000
   236:     8000.000      150.000      500.000        3.000
   240:    16000.000      115.000     1000.000        1.000
   244:     4000.000      127.000     1000.000        3.000
   248:    16000.000       48.000      500.000        1.000
   252:    16000.000      120.000      500.000        1.000
   256:    16000.000      197.000      500.000        1.000
   260:    16000.000      199.000      500.000        1.000
   264:      500.000      114.000     1500.000        3.000
   268:        0.000        0.000        0.000        0.000
   272:    16000.000       49.000     1500.000        1.000
   276:    16000.000       10.000      500.000        1.000
   280:    16000.000      200.000     1500.000        1.000
   284:     1000.000      250.000      500.000        4.000
   288:    16000.000      155.000      500.000        1.000
   292:    32000.000      155.000     1000.000        3.000
   296:     8000.000      114.000     1500.000        3.000
   300:     1000.000       46.000      500.000        3.000
   304:     8000.000       86.000     1500.000        3.000
   308:     1000.000      250.000      500.000        4.000
   312:     1000.000      115.000     1000.000        3.000
   316:    16000.000       56.000     1500.000        1.000
   320:     2000.000       59.000     1000.000        3.000
   324:    16000.000       22.000      500.000        1.000
   328:    16000.000      143.000     1500.000        1.000
   332:    16000.000        2.000     1500.000        1.000
   336:        0.000        0.000        0.000        0.000
   340:        0.000        0.000        0.000        0.000
   344:    16000.000      136.000      500.000        1.000
   348:    16000.000      167.000      500.000        1.000
   352:    16000.000      126.000     1500.000        1.000
   356:     4000.000       40.000     1500.000        3.000
   360:        0.000        0.000        0.000        0.000
   364:    16000.000       76.000      500.000        1.000
   368:     8000.000      100.000     1000.000        3.000
   372:    32000.000      117.000      500.000        3.000
   376:     4000.000      131.000     1500.000        3.000
   380:        0.000        0.000        0.000        0.000
   384:        0.000        0.000        0.000        0.000
   388:        0.000        0.000        0.000        0.000
   392:        0.000        0.000        0.000        0.000
   396:        0.000        0.000        0.000        0.000
   400:        0.000        0.000        0.000        0.000
   404:        0.000        0.000        0.000        0.000
   408:        0.000        0.000        0.000        0.000
   412:        0.000        0.000        0.000        0.000
   416:        0.000        0.000        0.000        0.000
   420:        0.000        0.000        0.000        0.000
   424:        0.000        0.000        0.000        0.000
   428:        0.000        0.000        0.000        0.000
   432:        0.000        0.000        0.000        0.000
   436:        0.000        0.000        0.000        0.000
   440:        0.000        0.000        0.000        0.000
   444:        0.000        0.000        0.000        0.000
   448:        0.000        0.000        0.000        0.000
   452:        0.000        0.000        0.000        0.000
   456:        0.000        0.000        0.000        0.000
   460:        0.000        0.000        0.000        0.000
   464:        0.000        0.000        0.000        0.000
   468:        0.000        0.000        0.000        0.000
   472:        0.000        0.000        0.000        0.000
   476:        0.000        0.000        0.000        0.000
   480:        0.000        0.000        0.000        0.000
   484:        0.000        0.000        0.000        0.000
   488:        0.000        0.000        0.000        0.000
   492:        0.000        0.000        0.000        0.000
   496:        0.000        0.000        0.000        0.000
   500:        0.000        0.000        0.000        0.000
   504:        0.000        0.000        0.000        0.000
   508:        0.000        0.000        0.000        0.000
   512:        0.000        0.000        0.000        0.000
   516:        0.000        0.000        0.000        0.000
   520:        0.000        0.000        0.000        0.000
   524:        0.000        0.000        0.000        0.000
   528:        0.000        0.000        0.000        0.000
   532:        0.000        0.000        0.000        0.000
   536:        0.000        0.000        0.000        0.000
   540:        0.000        0.000        0.000        0.000
   544:        0.000        0.000        0.000        0.000
   548:        0.000        0.000        0.000        0.000
   552:        0.000        0.000        0.000        0.000
   556:        0.000        0.000        0.000        0.000
   560:        0.000        0.000        0.000        0.000
   564:        0.000        0.000        0.000        0.000
   568:        0.000        0.000        0.000        0.000
   572:        0.000        0.000        0.000        0.000
   576:        0.000        0.000        0.000        0.000
   580:        0.000        0.000        0.000        0.000
   584:        0.000        0.000        0.000        0.000
   588:        0.000        0.000        0.000        0.000
   592:        0.000        0.000        0.000        0.000
   596:        0.000        0.000        0.000        0.000
   600:        0.000        0.000        0.000        0.000
   604:        0.000        0.000        0.000        0.000
   608:        0.000        0.000        0.000        0.000
   612:        0.000        0.000        0.000        0.000
   616:        0.000        0.000        0.000        0.000
   620:        0.000        0.000        0.000        0.000
   624:        0.000        0.000        0.000        0.000
   628:        0.000        0.000        0.000        0.000
   632:        0.000        0.000        0.000        0.000
   636:        0.000        0.000        0.000        0.000
   640:        0.000        0.000        0.000        0.000
   644:        0.000        0.000        0.000        0.000
   648:        0.000        0.000        0.000        0.000
   652:        0.000        0.000        0.000        0.000
   656:        0.000        0.000        0.000        0.000
   660:        0.000        0.000        0.000        0.000
   664:        0.000        0.000        0.000        0.000
   668:        0.000        0.000        0.000        0.000
   672:        0.000        0.000        0.000        0.000
   676:        0.000        0.000        0.000        0.000
   680:        0.000        0.000        0.000        0.000
   684:        0.000        0.000        0.000        0.000
   688:        0.000        0.000        0.000        0.000
   692:        0.000        0.000        0.000        0.000
   696:        0.000        0.000        0.000        0.000
   700:        0.000        0.000        0.000        0.000
   704:        0.000        0.000        0.000        0.000
   708:        0.000        0.000        0.000        0.000
   712:        0.000        0.000        0.000        0.000
   716:        0.000        0.000        0.000        0.000
   720:        0.000        0.000        0.000        0.000
   724:        0.000        0.000        0.000        0.000
   728:        0.000        0.000        0.000        0.000
   732:        0.000        0.000        0.000        0.000
   736:        0.000        0.000        0.000        0.000
   740:        0.000        0.000        0.000        0.000
   744:        0.000        0.000        0.000        0.000
   748:        0.000        0.000        0.000        0.000
   752:        0.000        0.000        0.000        0.000
   756:        0.000        0.000        0.000        0.000
   760:        0.000        0.000        0.000        0.000
   764:        0.000        0.000        0.000        0.000
   768:        0.000        0.000        0.000        0.000
   772:        0.000        0.000        0.000        0.000
   776:        0.000        0.000        0.000        0.000
   780:        0.000        0.000        0.000        0.000
   784:        0.000        0.000        0.000        0.000
   788:        0.000        0.000        0.000        0.000
   792:        0.000        0.000        0.000        0.000
   796:        0.000        0.000        0.000        0.000
   800:        0.000        0.000        0.000        0.000
   804:        0.000        0.000        0.000        0.000
   808:        0.000        0.000        0.000        0.000
   812:        0.000        0.000        0.000        0.000
   816:        0.000        0.000        0.000        0.000
   820:        0.000        0.000        0.000        0.000
   824:        0.000        0.000        0.000        0.000
   828:        0.000        0.000        0.000        0.000
   832:        0.000        0.000        0.000        0.000
   836:        0.000        0.000        0.000        0.000
   840:        0.000        0.000        0.000        0.000
   844:        0.000        0.000        0.000        0.000
   848:        0.000        0.000        0.000        0.000
   852:        0.000        0.000        0.000        0.000
   856:        0.000        0.000        0.000        0.000
   860:        0.000        0.000        0.000        0.000
   864:        0.000        0.000        0.000        0.000
   868:        0.000        0.000        0.000        0.000
   872:        0.000        0.000        0.000        0.000
   876:        0.000        0.000        0.000        0.000
   880:        0.000        0.000        0.000        0.000
   884:        0.000        0.000        0.000        0.000
   888:        0.000        0.000        0.000        0.000
   892:        0.000        0.000        0.000        0.000
   896:        0.000        0.000        0.000        0.000
   900:        0.000        0.000        0.000        0.000
   904:        0.000        0.000        0.000        0.000
   908:        0.000        0.000        0.000        0.000
   912:        0.000        0.000        0.000        0.000
   916:        0.000        0.000        0.000        0.000
   920:        0.000        0.000        0.000        0.000
   924:        0.000        0.000        0.000        0.000
   928:        0.000        0.000        0.000        0.000
   932:        0.000        0.000        0.000        0.000
   936:        0.000        0.000        0.000        0.000
   940:        0.000        0.000        0.000        0.000
   944:        0.000        0.000        0.000        0.000
   948:        0.000        0.000        0.000        0.000
   952:        0.000        0.000        0.000        0.000
   956:        0.000        0.000        0.000        0.000
   960:        0.000        0.000        0.000        0.000
   964:        0.000        0.000        0.000        0.000
   968:        0.000        0.000        0.000        0.000
   972:        0.000        0.000        0.000        0.000
   976:        0.000        0.000        0.000        0.000
   980:        0.000        0.000        0.000        0.000
   984:        0.000        0.000        0.000        0.000
   988:        0.000        0.000        0.000        0.000
   992:        0.000        0.000        0.000        0.000
   996:        0.000        0.000        0.000        0.000
  1000:        0.000        0.000        0.000        0.000
  1004:        0.000        0.000        0.000        0.000
  1008:        0.000        0.000        0.000        0.000
  1012:        0.000        0.000        0.000        0.000
  1016:        0.000        0.000        0.000        0.000
  1020:        0.000        0.000        0.000        0.000
  1024:        0.000        0.000        0.000        0.000
  1028:        0.000        0.000        0.000        0.000
  1032:        0.000        0.000        0.000        0.000
  1036:        0.000        0.000        0.000        0.000
  1040:        0.000        0.000        0.000        0.000
  1044:        0.000        0.000        0.000        0.000
  1048:        0.000        0.000        0.000        0.000
  1052:        0.000        0.000        0.000        0.000
  1056:        0.000        0.000        0.000        0.000
  1060:        0.000        0.000        0.000        0.000
  1064:        0.000        0.000        0.000        0.000
  1068:        0.000        0.000        0.000        0.000
  1072:        0.000        0.000        0.000        0.000
  1076:        0.000        0.000        0.000        0.000
  1080:        0.000        0.000        0.000        0.000
  1084:        0.000        0.000        0.000        0.000
  1088:        0.000        0.000        0.000        0.000
  1092:        0.000        0.000        0.000        0.000
  1096:        0.000        0.000        0.000        0.000
  1100:        0.000        0.000        0.000        0.000
  1104:        0.000        0.000        0.000        0.000
  1108:        0.000        0.000        0.000        0.000
  1112:        0.000        0.000        0.000        0.000
  1116:        0.000        0.000        0.000        0.000
  1120:        0.000        0.000        0.000        0.000
  1124:        0.000        0.000        0.000        0.000
  1128:        0.000        0.000        0.000        0.000
  1132:        0.000        0.000        0.000        0.000
  1136:        0.000        0.000        0.000        0.000
  1140:        0.000        0.000        0.000        0.000
  1144:        0.000        0.000        0.000        0.000
  1148:        0.000        0.000        0.000        0.000
  1152:        0.000        0.000        0.000        0.000
  1156:        0.000        0.000        0.000        0.000
  1160:        0.000        0.000        0.000        0.000
  1164:        0.000        0.000        0.000        0.000
  1168:        0.000        0.000        0.000        0.000
  1172:        0.000        0.000        0.000        0.000
  1176:        0.000        0.000        0.000        0.000
  1180:        0.000        0.000        0.000        0.000
  1184:        0.000        0.000        0.000        0.000
  1188:        0.000        0.000        0.000        0.000
  1192:        0.000        0.000        0.000        0.000
  1196:        0.000        0.000        0.000        0.000
  1200:        0.000        0.000        0.000        0.000
  1204:        0.000        0.000        0.000        0.000
  1208:        0.000        0.000        0.000        0.000
  1212:        0.000        0.000        0.000        0.000
  1216:        0.000        0.000        0.000        0.000
  1220:        0.000        0.000        0.000        0.000
  1224:        0.000        0.000        0.000        0.000
  1228:        0.000        0.000        0.000        0.000
  1232:        0.000        0.000        0.000        0.000
  1236:        0.000        0.000        0.000        0.000
  1240:        0.000        0.000        0.000        0.000
  1244:        0.000        0.000        0.000        0.000
  1248:        0.000        0.000        0.000        0.000
  1252:        0.000        0.000        0.000        0.000
  1256:        0.000        0.000        0.000        0.000
  1260:        0.000        0.000        0.000        0.000
  1264:        0.000        0.000        0.000        0.000
  1268:        0.000        0.000        0.000        0.000
  1272:        0.000        0.000        0.000        0.000
  1276:        0.000        0.000        0.000        0.000
  1280:        0.000        0.000        0.000        0.000
  1284:        0.000        0.000        0.000        0.000
  1288:        0.000        0.000        0.000        0.000
  1292:        0.000        0.000        0.000        0.000
  1296:        0.000        0.000        0.000        0.000
  1300:        0.000        0.000        0.000        0.000
  1304:        0.000        0.000        0.000        0.000
  1308:        0.000        0.000        0.000        0.000
  1312:        0.000        0.000        0.000        0.000
  1316:        0.000        0.000        0.000        0.000
  1320:        0.000        0.000        0.000        0.000
  1324:        0.000        0.000        0.000        0.000
  1328:        0.000        0.000        0.000        0.000
  1332:        0.000        0.000        0.000        0.000
  1336:        0.000        0.000        0.000        0.000
  1340:        0.000        0.000        0.000        0.000
  1344:        0.000        0.000        0.000        0.000
  1348:        0.000        0.000        0.000        0.000
  1352:        0.000        0.000        0.000        0.000
  1356:        0.000        0.000        0.000        0.000
  1360:        0.000        0.000        0.000        0.000
  1364:        0.000        0.000        0.000        0.000
  1368:        0.000        0.000        0.000        0.000
  1372:        0.000        0.000        0.000        0.000
  1376:        0.000        0.000        0.000        0.000
  1380:        0.000        0.000        0.000        0.000
  1384:        0.000        0.000        0.000        0.000
  1388:        0.000        0.000        0.000        0.000
  1392:        0.000        0.000        0.000        0.000
  1396:        0.000        0.000        0.000        0.000
  1400:        0.000        0.000        0.000        0.000
  1404:        0.000        0.000        0.000        0.000
  1408:        0.000        0.000        0.000        0.000
  1412:        0.000        0.000        0.000        0.000
  1416:        0.000        0.000        0.000        0.000
  1420:        0.000        0.000        0.000        0.000
  1424:        0.000        0.000        0.000        0.000
  1428:        0.000        0.000        0.000        0.000
  1432:        0.000        0.000        0.000        0.000
  1436:        0.000        0.000        0.000        0.000
  1440:        0.000        0.000        0.000        0.000
  1444:        0.000        0.000        0.000        0.000
  1448:        0.000        0.000        0.000        0.000
  1452:        0.000        0.000        0.000        0.000
  1456:        0.000        0.000        0.000        0.000
  1460:        0.000        0.000        0.000        0.000
  1464:        0.000        0.000        0.000        0.000
  1468:        0.000        0.000        0.000        0.000
  1472:        0.000        0.000        0.000        0.000
  1476:        0.000        0.000        0.000        0.000
  1480:        0.000        0.000        0.000        0.000
  1484:        0.000        0.000        0.000        0.000
  1488:        0.000        0.000        0.000        0.000
  1492:        0.000        0.000        0.000        0.000
  1496:        0.000        0.000        0.000        0.000
  1500:        0.000        0.000        0.000        0.000
  1504:        0.000        0.000        0.000        0.000
  1508:        0.000        0.000        0.000        0.000
  1512:        0.000        0.000        0.000        0.000
  1516:        0.000        0.000        0.000        0.000
  1520:        0.000        0.000        0.000        0.000
  1524:        0.000        0.000        0.000        0.000
  1528:        0.000        0.000        0.000        0.000
  1532:        0.000        0.000        0.000        0.000
  1536:        0.000        0.000        0.000        0.000
  1540:        0.000        0.000        0.000        0.000
  1544:        0.000        0.000        0.000        0.000
  1548:        0.000        0.000        0.000        0.000
  1552:        0.000        0.000        0.000        0.000
  1556:        0.000        0.000        0.000        0.000
  1560:        0.000        0.000        0.000        0.000
  1564:        0.000        0.000        0.000        0.000
  1568:        0.000        0.000        0.000        0.000
  1572:        0.000        0.000        0.000        0.000
  1576:        0.000        0.000        0.000        0.000
  1580:        0.000        0.000        0.000        0.000
  1584:        0.000        0.000        0.000        0.000
  1588:        0.000        0.000        0.000        0.000
  1592:        0.000        0.000        0.000        0.000
  1596:        0.000        0.000        0.000        0.000
  1600:        0.000        0.000        0.000        0.000
  1604:        0.000        0.000        0.000        0.000
  1608:        0.000        0.000        0.000        0.000
  1612:        0.000        0.000        0.000        0.000
  1616:        0.000        0.000        0.000        0.000
  1620:        0.000        0.000        0.000        0.000
  1624:        0.000        0.000        0.000        0.000
  1628:        0.000        0.000        0.000        0.000
  1632:        0.000        0.000        0.000        0.000
  1636:        0.000        0.000        0.000        0.000
  1640:        0.000        0.000        0.000        0.000
  1644:        0.000        0.000        0.000        0.000
  1648:        0.000        0.000        0.000        0.000
  1652:        0.000        0.000        0.000        0.000
  1656:        0.000        0.000        0.000        0.000
  1660:        0.000        0.000        0.000        0.000
  1664:        0.000        0.000        0.000        0.000
  1668:        0.000        0.000        0.000        0.000
  1672:        0.000        0.000        0.000        0.000
  1676:        0.000        0.000        0.000        0.000
  1680:        0.000        0.000        0.000        0.000
  1684:        0.000        0.000        0.000        0.000
  1688:        0.000        0.000        0.000        0.000
  1692:        0.000        0.000        0.000        0.000
  1696:        0.000        0.000        0.000        0.000
  1700:        0.000        0.000        0.000        0.000
  1704:        0.000        0.000        0.000        0.000
  1708:        0.000        0.000        0.000        0.000
  1712:        0.000        0.000        0.000        0.000
  1716:        0.000        0.000        0.000        0.000
  1720:        0.000        0.000        0.000        0.000
  1724:        0.000        0.000        0.000        0.000
  1728:        0.000        0.000        0.000        0.000
  1732:        0.000        0.000        0.000        0.000
  1736:        0.000        0.000        0.000        0.000
  1740:        0.000        0.000        0.000        0.000
  1744:        0.000        0.000        0.000        0.000
  1748:        0.000        0.000        0.000        0.000
  1752:        0.000        0.000        0.000        0.000
  1756:        0.000        0.000        0.000        0.000
  1760:        0.000        0.000        0.000        0.000
  1764:        0.000        0.000        0.000        0.000
  1768:        0.000        0.000        0.000        0.000
  1772:        0.000        0.000        0.000        0.000
  1776:        0.000        0.000        0.000        0.000
  1780:        0.000        0.000        0.000        0.000
  1784:        0.000        0.000        0.000        0.000
  1788:        0.000        0.000        0.000        0.000
  1792:        0.000        0.000        0.000        0.000
  1796:        0.000        0.000        0.000        0.000
  1800:        0.000        0.000        0.000        0.000
  1804:        0.000        0.000        0.000        0.000
  1808:        0.000        0.000        0.000        0.000
  1812:        0.000        0.000        0.000        0.000
  1816:        0.000        0.000        0.000        0.000
  1820:        0.000        0.000        0.000        0.000
  1824:        0.000        0.000        0.000        0.000
  1828:        0.000        0.000        0.000        0.000
  1832:        0.000        0.000        0.000        0.000
  1836:        0.000        0.000        0.000        0.000
  1840:        0.000        0.000        0.000        0.000
  1844:        0.000        0.000        0.000        0.000
  1848:        0.000        0.000        0.000        0.000
  1852:        0.000        0.000        0.000        0.000
  1856:        0.000        0.000        0.000        0.000
  1860:        0.000        0.000        0.000        0.000
  1864:        0.000        0.000        0.000        0.000
  1868:        0.000        0.000        0.000        0.000
  1872:        0.000        0.000        0.000        0.000
  1876:        0.000        0.000        0.000        0.000
  1880:        0.000        0.000        0.000        0.000
  1884:        0.000        0.000        0.000        0.000
  1888:        0.000        0.000        0.000        0.000
  1892:        0.000        0.000        0.000        0.000
  1896:        0.000        0.000        0.000        0.000
  1900:        0.000        0.000        0.000        0.000
  1904:        0.000        0.000        0.000        0.000
  1908:        0.000        0.000        0.000        0.000
  1912:        0.000        0.000        0.000        0.000
  1916:        0.000        0.000        0.000        0.000
  1920:        0.000        0.000        0.000        0.000
  1924:        0.000        0.000        0.000        0.000
  1928:        0.000        0.000        0.000        0.000
  1932:        0.000        0.000        0.000        0.000
  1936:        0.000        0.000        0.000        0.000
  1940:        0.000        0.000        0.000        0.000
  1944:        0.000        0.000        0.000        0.000
  1948:        0.000        0.000        0.000        0.000
  1952:        0.000        0.000        0.000        0.000
  1956:        0.000        0.000        0.000        0.000
  1960:        0.000        0.000        0.000        0.000
  1964:        0.000        0.000        0.000        0.000
  1968:        0.000        0.000        0.000        0.000
  1972:        0.000        0.000        0.000        0.000
  1976:        0.000        0.000        0.000        0.000
  1980:        0.000        0.000        0.000        0.000
  1984:        0.000        0.000        0.000        0.000
  1988:        0.000        0.000        0.000        0.000
  1992:        0.000        0.000        0.000        0.000
  1996:        0.000        0.000        0.000        0.000
  2000:        0.000        0.000        0.000        0.000
  2004:        0.000        0.000        0.000        0.000
  2008:        0.000        0.000        0.000        0.000
  2012:        0.000        0.000        0.000        0.000
  2016:        0.000        0.000        0.000        0.000
  2020:        0.000        0.000        0.000        0.000
  2024:        0.000        0.000        0.000        0.000
  2028:        0.000        0.000        0.000        0.000
  2032:        0.000        0.000        0.000        0.000
  2036:        0.000        0.000        0.000        0.000
  2040:        0.000        0.000        0.000        0.000
  2044:        0.000        0.000        0.000        0.000
  2048:        0.000        0.000        0.000        0.000
  2052:        0.000        0.000        0.000        0.000
  2056:        0.000        0.000        0.000        0.000
  2060:        0.000        0.000        0.000        0.000
  2064:        0.000        0.000        0.000        0.000
  2068:        0.000        0.000        0.000        0.000
  2072:        0.000        0.000        0.000        0.000
  2076:        0.000        0.000        0.000        0.000
  2080:        0.000        0.000        0.000        0.000
  2084:        0.000        0.000        0.000        0.000
  2088:        0.000        0.000        0.000        0.000
  2092:        0.000        0.000        0.000        0.000
  2096:        0.000        0.000        0.000        0.000
  2100:        0.000        0.000        0.000        0.000
  2104:        0.000        0.000        0.000        0.000
  2108:        0.000        0.000        0.000        0.000
  2112:        0.000        0.000        0.000        0.000
  2116:        0.000        0.000        0.000        0.000
  2120:        0.000        0.000        0.000        0.000
  2124:        0.000        0.000        0.000        0.000
  2128:        0.000        0.000        0.000        0.000
  2132:        0.000        0.000        0.000        0.000
  2136:        0.000        0.000        0.000        0.000
  2140:        0.000        0.000        0.000        0.000
  2144:        0.000        0.000        0.000        0.000
  2148:        0.000        0.000        0.000        0.000
  2152:        0.000        0.000        0.000        0.000
  2156:        0.000        0.000        0.000        0.000
  2160:        0.000        0.000        0.000        0.000
  2164:        0.000        0.000        0.000        0.000
  2168:        0.000        0.000        0.000        0.000
  2172:        0.000        0.000        0.000        0.000
  2176:        0.000        0.000        0.000        0.000
  2180:        0.000        0.000        0.000        0.000
  2184:        0.000        0.000        0.000        0.000
  2188:        0.000        0.000        0.000        0.000
  2192:        0.000        0.000        0.000        0.000
  2196:        0.000        0.000        0.000        0.000
  2200:        0.000        0.000        0.000        0.000
  2204:        0.000        0.000        0.000        0.000
  2208:        0.000        0.000        0.000        0.000
  2212:        0.000        0.000        0.000        0.000
  2216:        0.000        0.000        0.000        0.000
  2220:        0.000        0.000        0.000        0.000
  2224:        0.000        0.000        0.000        0.000
  2228:        0.000        0.000        0.000        0.000
  2232:        0.000        0.000        0.000        0.000
  2236:        0.000        0.000        0.000        0.000
  2240:        0.000        0.000        0.000        0.000
  2244:        0.000        0.000        0.000        0.000
  2248:        0.000        0.000        0.000        0.000
  2252:        0.000        0.000        0.000        0.000
  2256:        0.000        0.000        0.000        0.000
  2260:        0.000        0.000        0.000        0.000
  2264:        0.000        0.000        0.000        0.000
  2268:        0.000        0.000        0.000        0.000
  2272:        0.000        0.000        0.000        0.000
  2276:        0.000        0.000        0.000        0.000
  2280:        0.000        0.000        0.000        0.000
  2284:        0.000        0.000        0.000        0.000
  2288:        0.000        0.000        0.000        0.000
  2292:        0.000        0.000        0.000        0.000
  2296:        0.000        0.000        0.000        0.000
  2300:        0.000        0.000        0.000        0.000
  2304:        0.000        0.000        0.000        0.000
  2308:        0.000        0.000        0.000        0.000
  2312:        0.000        0.000        0.000        0.000
  2316:        0.000        0.000        0.000        0.000
  2320:        0.000        0.000        0.000        0.000
  2324:        0.000        0.000        0.000        0.000
  2328:        0.000        0.000        0.000        0.000
  2332:        0.000        0.000        0.000        0.000
  2336:        0.000        0.000        0.000        0.000
  2340:        0.000        0.000        0.000        0.000
  2344:        0.000        0.000        0.000        0.000
  2348:        0.000        0.000        0.000        0.000
  2352:        0.000        0.000        0.000        0.000
  2356:        0.000        0.000        0.000        0.000
  2360:        0.000        0.000        0.000        0.000
  2364:        0.000        0.000        0.000        0.000
  2368:        0.000        0.000        0.000        0.000
  2372:        0.000        0.000        0.000        0.000
  2376:        0.000        0.000        0.000        0.000
  2380:        0.000        0.000        0.000        0.000
  2384:        0.000        0.000        0.000        0.000
  2388:        0.000        0.000        0.000        0.000
  2392:        0.000        0.000        0.000        0.000
  2396:        0.000        0.000        0.000        0.000
  2400:        0.000        0.000        0.000        0.000
  2404:        0.000        0.000        0.000        0.000
  2408:        0.000        0.000        0.000        0.000
  2412:        0.000        0.000        0.000        0.000
  2416:        0.000        0.000        0.000        0.000
  2420:        0.000        0.000        0.000        0.000
  2424:        0.000        0.000        0.000        0.000
  2428:        0.000        0.000        0.000        0.000
  2432:        0.000        0.000        0.000        0.000
  2436:        0.000        0.000        0.000        0.000
  2440:        0.000        0.000        0.000        0.000
  2444:        0.000        0.000        0.000        0.000
  2448:        0.000        0.000        0.000        0.000
  2452:        0.000        0.000        0.000        0.000
  2456:        0.000        0.000        0.000        0.000
  2460:        0.000        0.000        0.000        0.000
  2464:        0.000        0.000        0.000        0.000
  2468:        0.000        0.000        0.000        0.000
  2472:        0.000        0.000        0.000        0.000
  2476:        0.000        0.000        0.000        0.000
  2480:        0.000        0.000        0.000        0.000
  2484:        0.000        0.000        0.000        0.000
  2488:        0.000        0.000        0.000        0.000
  2492:        0.000        0.000        0.000        0.000
  2496:        0.000        0.000        0.000        0.000
  2500:        0.000        0.000        0.000        0.000
  2504:        0.000        0.000        0.000        0.000
  2508:        0.000        0.000        0.000        0.000
  2512:        0.000        0.000        0.000        0.000
  2516:        0.000        0.000        0.000        0.000
  2520:        0.000        0.000        0.000        0.000
  2524:        0.000        0.000        0.000        0.000
  2528:        0.000        0.000        0.000        0.000
  2532:        0.000        0.000        0.000        0.000
  2536:        0.000        0.000        0.000        0.000
  2540:        0.000        0.000        0.000        0.000
  2544:        0.000        0.000        0.000        0.000
  2548:        0.000        0.000        0.000        0.000
  2552:        0.000        0.000        0.000        0.000
  2556:        0.000        0.000        0.000        0.000
  2560:        0.000        0.000        0.000        0.000
  2564:        0.000        0.000        0.000        0.000
  2568:        0.000        0.000        0.000        0.000
  2572:        0.000        0.000        0.000        0.000
  2576:        0.000        0.000        0.000        0.000
  2580:        0.000        0.000        0.000        0.000
  2584:        0.000        0.000        0.000        0.000
  2588:        0.000        0.000        0.000        0.000
  2592:        0.000        0.000        0.000        0.000
  2596:        0.000        0.000        0.000        0.000
  2600:        0.000        0.000        0.000        0.000
  2604:        0.000        0.000        0.000        0.000
  2608:        0.000        0.000        0.000        0.000
  2612:        0.000        0.000        0.000        0.000
  2616:        0.000        0.000        0.000        0.000
  2620:        0.000        0.000        0.000        0.000
  2624:        0.000        0.000        0.000        0.000
  2628:        0.000        0.000        0.000        0.000
  2632:        0.000        0.000        0.000        0.000
  2636:        0.000        0.000        0.000        0.000
  2640:        0.000        0.000        0.000        0.000
  2644:        0.000        0.000        0.000        0.000
  2648:        0.000        0.000        0.000        0.000
  2652:        0.000        0.000        0.000        0.000
  2656:        0.000        0.000        0.000        0.000
  2660:        0.000        0.000        0.000        0.000
  2664:        0.000        0.000        0.000        0.000
  2668:        0.000        0.000        0.000        0.000
  2672:        0.000        0.000        0.000        0.000
  2676:        0.000        0.000        0.000        0.000
  2680:        0.000        0.000        0.000        0.000
  2684:        0.000        0.000        0.000        0.000
  2688:        0.000        0.000        0.000        0.000
  2692:        0.000        0.000        0.000        0.000
  2696:        0.000        0.000        0.000        0.000
  2700:        0.000        0.000        0.000        0.000
  2704:        0.000        0.000        0.000        0.000
  2708:        0.000        0.000        0.000        0.000
  2712:        0.000        0.000        0.000        0.000
  2716:        0.000        0.000        0.000        0.000
  2720:        0.000        0.000        0.000        0.000
  2724:        0.000        0.000        0.000        0.000
  2728:        0.000        0.000        0.000        0.000
  2732:        0.000        0.000        0.000        0.000
  2736:        0.000        0.000        0.000        0.000
  2740:        0.000        0.000        0.000        0.000
  2744:        0.000        0.000        0.000        0.000
  2748:        0.000        0.000        0.000        0.000
  2752:        0.000        0.000        0.000        0.000
  2756:        0.000        0.000        0.000        0.000
  2760:        0.000        0.000        0.000        0.000
  2764:        0.000        0.000        0.000        0.000
  2768:        0.000        0.000        0.000        0.000
  2772:        0.000        0.000        0.000        0.000
  2776:        0.000        0.000        0.000        0.000
  2780:        0.000        0.000        0.000        0.000
  2784:        0.000        0.000        0.000        0.000
  2788:        0.000        0.000        0.000        0.000
  2792:        0.000        0.000        0.000        0.000
  2796:        0.000        0.000        0.000        0.000
  2800:        0.000        0.000        0.000        0.000
  2804:        0.000        0.000        0.000        0.000
  2808:        0.000        0.000        0.000        0.000
  2812:        0.000        0.000        0.000        0.000
  2816:        0.000        0.000        0.000        0.000
  2820:        0.000        0.000        0.000        0.000
  2824:        0.000        0.000        0.000        0.000
  2828:        0.000        0.000        0.000        0.000
  2832:        0.000        0.000        0.000        0.000
  2836:        0.000        0.000        0.000        0.000
  2840:        0.000        0.000        0.000        0.000
  2844:        0.000        0.000        0.000        0.000
  2848:        0.000        0.000        0.000        0.000
  2852:        0.000        0.000        0.000        0.000
  2856:        0.000        0.000        0.000        0.000
  2860:        0.000        0.000        0.000        0.000
  2864:        0.000        0.000        0.000        0.000
  2868:        0.000        0.000        0.000        0.000
  2872:        0.000        0.000        0.000        0.000
  2876:        0.000        0.000        0.000        0.000
  2880:        0.000        0.000        0.000        0.000
  2884:        0.000        0.000        0.000        0.000
  2888:        0.000        0.000        0.000        0.000
  2892:        0.000        0.000        0.000        0.000
  2896:        0.000        0.000        0.000        0.000
  2900:        0.000        0.000        0.000        0.000
  2904:        0.000        0.000        0.000        0.000
  2908:        0.000        0.000        0.000        0.000
  2912:        0.000        0.000        0.000        0.000
  2916:        0.000        0.000        0.000        0.000
  2920:        0.000        0.000        0.000        0.000
  2924:        0.000        0.000        0.000        0.000
  2928:        0.000        0.000        0.000        0.000
  2932:        0.000        0.000        0.000        0.000
  2936:        0.000        0.000        0.000        0.000
  2940:        0.000        0.000        0.000        0.000
  2944:        0.000        0.000        0.000        0.000
  2948:        0.000        0.000        0.000        0.000
  2952:        0.000        0.000        0.000        0.000
  2956:        0.000        0.000        0.000        0.000
  2960:        0.000        0.000        0.000        0.000
  2964:        0.000        0.000        0.000        0.000
  2968:        0.000        0.000        0.000        0.000
  2972:        0.000        0.000        0.000        0.000
  2976:        0.000        0.000        0.000        0.000
  2980:        0.000        0.000        0.000        0.000
  2984:        0.000        0.000        0.000        0.000
  2988:        0.000        0.000        0.000        0.000
  2992:        0.000        0.000        0.000        0.000
  2996:        0.000        0.000        0.000        0.000
  3000:        0.000
P:
     0:   111669.000       80.000       39.000       28.000
     4:        0.000        0.000        0.000       39.000
     8:     1500.000        0.000        0.000        6.000
    12:       28.000     1116.690      324.000        0.000
    16:        0.030        7.000        0.000      380.000
    20:      381.000      382.000      383.000        0.000
    24:      257.000       45.000       35.000       80.000
    28:        0.000        0.000        4.000        8.000
    32:        5.000        0.000        0.000
Q:
     0:       80.000       80.000
R:
     0:      100.000      100.000
S:
     0:       70.000       70.000
T:
     0:        1.000        2.000
X:
     0:      100.000      100.000


Start Date: 06/09/18
End Date: 06/09/18
Subject: TYRN_EG
Experiment: 0
Group: 0
Box: 5
Start Time: 16:55:48
End Time: 18:23:10
MSN: EG_FP_REV16_BOX5
A:      75.000
C:       5.000
D:     100.000
E:       0.000
F:     500.000
I:       0.000
J:       0.000
U:       0.000
V:       0.000
W:       0.000
Y:       0.000
Z:       0.000
B:
     0:        0.000        2.000      500.000       75.000
     4:        0.000        1.000      500.000        0.000
     8:        0.000
G:
     0:      500.000     1000.000     2000.000     8000.000
     4:     4000.000    32000.000
H:
     0:      500.000     1000.000     1500.000
K:
     0:     7000.000     2500.000     7000.000
L:
     0:       70.000       70.000
M:
     0:       70.000       70.000
N:
     0:       70.000       70.000
O:
     0:        0.000        0.000        0.000        0.000
     4:        0.000        0.000        0.000        0.000
     8:     1000.000      191.000     1000.000        3.000
    12:      500.000       72.000     1000.000        3.000
    16:     8000.000       69.000     1000.000        3.000
    20:    32000.000       91.000      500.000        3.000
    24:      500.000      109.000     1000.000        3.000
    28:     4000.000       33.000      500.000        3.000
    32:     4000.000      132.000     1000.000        3.000
    36:     4000.000       27.000      500.000        3.000
    40:     2000.000      250.000     1500.000        4.000
    44:     4000.000      250.000     1000.000        4.000
    48:     4000.000      133.000     1500.000        3.000
    52:     1000.000       43.000      500.000        3.000
    56:     1000.000      162.000     1000.000        3.000
    60:        0.000        0.000        0.000        0.000
    64:    32000.000       90.000     1000.000        3.000
    68:     2000.000       63.000      500.000        3.000
    72:    32000.000      191.000      500.000        3.000
    76:     2000.000      169.000      500.000        3.000
    80:     1000.000      156.000     1000.000        3.000
    84:    32000.000       58.000     1000.000        3.000
    88:     1000.000      100.000     1500.000        3.000
    92:     2000.000      134.000     1500.000        3.000
    96:     2000.000       19.000     1000.000        3.000
   100:    32000.000      250.000     1000.000        4.000
   104:     8000.000      129.000     1500.000        3.000
   108:     1000.000      180.000     1500.000        3.000
   112:     1000.000       47.000     1000.000        3.000
   116:    16000.000       73.000      500.000        1.000
   120:      500.000      120.000      500.000        3.000
   124:     1000.000      175.000      500.000        3.000
   128:     4000.000      125.000     1500.000        3.000
   132:      500.000       54.000     1500.000        3.000
   136:     4000.000       66.000     1000.000        3.000
   140:     4000.000      113.000      500.000        3.000
   144:    32000.000      212.000      500.000        3.000
   148:     8000.000      178.000      500.000        3.000
   152:     2000.000      169.000     1000.000        3.000
   156:    32000.000       33.000     1500.000        3.000
   160:     2000.000      250.000     1500.000        4.000
   164:      500.000        5.000     1000.000        3.000
   168:     2000.000       99.000     1500.000        3.000
   172:     1000.000      137.000     1500.000        3.000
   176:    32000.000        2.000     1000.000        3.000
   180:     2000.000      245.000     1500.000        3.000
   184:     1000.000       28.000     1500.000        3.000
   188:     4000.000       81.000     1500.000        3.000
   192:     1000.000       61.000     1500.000        3.000
   196:    32000.000       86.000     1000.000        3.000
   200:      500.000      107.000     1500.000        3.000
   204:     1000.000       77.000     1000.000        3.000
   208:     8000.000       90.000     1500.000        3.000
   212:     1000.000       90.000     1500.000        3.000
   216:      500.000       74.000      500.000        3.000
   220:    16000.000       47.000      500.000        1.000
   224:     2000.000      124.000     1000.000        3.000
   228:     1000.000      250.000     1500.000        4.000
   232:    16000.000       63.000     1000.000        1.000
   236:     2000.000      166.000      500.000        3.000
   240:     4000.000      130.000     1500.000        3.000
   244:    32000.000       41.000      500.000        3.000
   248:     1000.000       48.000      500.000        3.000
   252:     1000.000      150.000     1500.000        3.000
   256:     2000.000       20.000     1500.000        3.000
   260:     1000.000        3.000     1000.000        3.000
   264:     4000.000      100.000     1500.000        3.000
   268:        0.000        0.000        0.000        0.000
   272:    32000.000       42.000      500.000        3.000
   276:     2000.000      238.000      500.000        3.000
   280:     8000.000      213.000     1000.000        3.000
   284:    16000.000      189.000     1000.000        1.000
   288:      500.000      202.000      500.000        3.000
   292:     1000.000      250.000     1500.000        4.000
   296:    32000.000       48.000     1000.000        3.000
   300:      500.000      184.000     1500.000        3.000
   304:      500.000       72.000      500.000        3.000
   308:     1000.000       89.000     1500.000        3.000
   312:    16000.000      122.000     1500.000        1.000
   316:     2000.000       86.000      500.000        3.000
   320:     4000.000      176.000      500.000        3.000
   324:    32000.000       97.000      500.000        3.000
   328:     2000.000      142.000     1000.000        3.000
   332:     1000.000       44.000     1000.000        3.000
   336:    16000.000      114.000     1000.000        1.000
   340:    16000.000      113.000      500.000        1.000
   344:      500.000      244.000     1500.000        3.000
   348:     4000.000       73.000     1500.000        3.000
   352:     8000.000       37.000     1500.000        3.000
   356:     4000.000       34.000     1500.000        3.000
   360:     2000.000       71.000     1000.000        3.000
   364:    16000.000      105.000     1000.000        1.000
   368:     8000.000       87.000     1000.000        3.000
   372:     8000.000      156.000     1500.000        3.000
   376:        0.000        0.000        0.000        0.000
   380:     2000.000       27.000     1500.000        3.000
   384:      500.000       34.000      500.000        3.000
   388:     2000.000      153.000      500.000        3.000
   392:     4000.000      135.000     1000.000        3.000
   396:     1000.000       24.000      500.000        3.000
   400:     4000.000       78.000     1000.000        3.000
   404:     8000.000       25.000      500.000        3.000
   408:     4000.000      136.000     1500.000        3.000
   412:     2000.000       25.000      500.000        3.000
   416:      500.000       56.000     1000.000        3.000
   420:     4000.000       57.000     1000.000        3.000
   424:     4000.000       62.000      500.000        3.000
   428:     8000.000      176.000     1500.000        3.000
   432:     8000.000       31.000      500.000        3.000
   436:     2000.000      137.000     1500.000        3.000
   440:    16000.000      105.000     1000.000        1.000
   444:     1000.000      218.000      500.000        3.000
   448:     4000.000       95.000     1000.000        3.000
   452:     8000.000      129.000     1000.000        3.000
   456:     8000.000      110.000     1000.000        3.000
   460:     2000.000       19.000      500.000        3.000
   464:     8000.000      127.000     1000.000        3.000
   468:    16000.000      149.000      500.000        1.000
   472:     1000.000       83.000      500.000        3.000
   476:     8000.000       98.000     1500.000        3.000
   480:    16000.000       36.000      500.000        1.000
   484:    16000.000      105.000     1000.000        1.000
   488:     4000.000       24.000     1500.000        3.000
   492:    16000.000       42.000     1000.000        1.000
   496:     4000.000      104.000     1000.000        3.000
   500:    16000.000       19.000      500.000        1.000
   504:      500.000       83.000     1000.000        3.000
   508:    32000.000       87.000     1500.000        3.000
   512:     8000.000       51.000      500.000        3.000
   516:     1000.000      170.000      500.000        3.000
   520:     1000.000      138.000     1000.000        3.000
   524:    16000.000       80.000     1500.000        1.000
   528:      500.000       88.000      500.000        3.000
   532:      500.000       59.000      500.000        3.000
   536:      500.000      136.000     1500.000        3.000
   540:     4000.000       67.000     1500.000        3.000
   544:        0.000        0.000        0.000        0.000
   548:     2000.000       47.000     1000.000        3.000
   552:      500.000        3.000     1500.000        3.000
   556:     2000.000       13.000      500.000        3.000
   560:      500.000      101.000     1500.000        3.000
   564:    16000.000       35.000     1000.000        1.000
   568:     1000.000      166.000     1500.000        3.000
   572:      500.000       57.000     1500.000        3.000
   576:      500.000       36.000      500.000        3.000
   580:     1000.000      133.000     1000.000        3.000
   584:     1000.000       23.000      500.000        3.000
   588:     8000.000      129.000     1000.000        3.000
   592:        0.000        0.000        0.000        0.000
   596:     1000.000       72.000     1000.000        3.000
   600:     2000.000      126.000      500.000        3.000
   604:     1000.000      162.000     1500.000        3.000
   608:     4000.000      157.000     1000.000        3.000
   612:     8000.000       61.000      500.000        3.000
   616:    16000.000      218.000      500.000        1.000
   620:     2000.000      145.000     1500.000        3.000
   624:     2000.000       38.000     1000.000        3.000
   628:     1000.000      130.000      500.000        3.000
   632:     4000.000       98.000      500.000        3.000
   636:     2000.000      168.000      500.000        3.000
   640:     8000.000      130.000      500.000        3.000
   644:    16000.000      161.000     1000.000        1.000
   648:     8000.000      126.000     1500.000        3.000
   652:     8000.000       48.000      500.000        3.000
   656:     4000.000       64.000     1000.000        3.000
   660:    16000.000       29.000      500.000        1.000
   664:     1000.000      150.000     1000.000        3.000
   668:     2000.000       67.000     1000.000        3.000
   672:      500.000        2.000      500.000        3.000
   676:    16000.000      117.000     1500.000        1.000
   680:     2000.000      121.000     1500.000        3.000
   684:     8000.000       26.000      500.000        3.000
   688:    32000.000      139.000     1000.000        3.000
   692:    32000.000      143.000      500.000        3.000
   696:    16000.000       79.000     1000.000        1.000
   700:     1000.000        1.000      500.000        3.000
   704:     2000.000       91.000      500.000        3.000
   708:     1000.000      126.000     1500.000        3.000
   712:     4000.000       60.000     1000.000        3.000
   716:        0.000        0.000        0.000        0.000
   720:     1000.000       73.000     1000.000        3.000
   724:      500.000       24.000     1000.000        3.000
   728:     4000.000      118.000      500.000        3.000
   732:      500.000      212.000      500.000        3.000
   736:     2000.000      138.000      500.000        3.000
   740:    16000.000      133.000     1000.000        1.000
   744:     4000.000      143.000      500.000        3.000
   748:     1000.000      217.000     1000.000        3.000
   752:     4000.000       52.000     1000.000        3.000
   756:        0.000        0.000        0.000        0.000
   760:     1000.000       34.000     1500.000        3.000
   764:      500.000       33.000      500.000        3.000
   768:     1000.000       31.000      500.000        3.000
   772:      500.000       60.000      500.000        3.000
   776:    16000.000      142.000     1500.000        1.000
   780:    16000.000       83.000      500.000        1.000
   784:    32000.000      250.000      500.000        4.000
   788:     1000.000      250.000      500.000        4.000
   792:    16000.000      125.000      500.000        1.000
   796:      500.000      174.000     1000.000        3.000
   800:     4000.000       85.000      500.000        3.000
   804:    32000.000       41.000     1000.000        3.000
   808:    32000.000      117.000     1000.000        3.000
   812:    16000.000       62.000     1500.000        1.000
   816:      500.000       54.000      500.000        3.000
   820:     1000.000      169.000     1500.000        3.000
   824:    32000.000       12.000     1000.000        3.000
   828:    16000.000       42.000      500.000        1.000
   832:      500.000       73.000     1000.000        3.000
   836:     4000.000       41.000     1000.000        3.000
   840:    32000.000       52.000     1500.000        3.000
   844:      500.000        0.000     1000.000        3.000
   848:     1000.000       93.000     1500.000        3.000
   852:        0.000        0.000        0.000        0.000
   856:     4000.000      150.000     1000.000        3.000
   860:    16000.000       10.000     1500.000        1.000
   864:     4000.000       29.000      500.000        3.000
   868:     4000.000      189.000     1500.000        3.000
   872:     2000.000      143.000      500.000        3.000
   876:     2000.000      150.000      500.000        3.000
   880:      500.000      159.000     1000.000        3.000
   884:     8000.000       60.000      500.000        3.000
   888:      500.000      141.000      500.000        3.000
   892:      500.000       53.000     1000.000        3.000
   896:        0.000        0.000        0.000        0.000
   900:      500.000       79.000     1500.000        3.000
   904:        0.000        0.000        0.000        0.000
   908:     2000.000      250.000     1000.000        4.000
   912:      500.000       87.000      500.000        3.000
   916:      500.000      145.000      500.000        3.000
   920:    32000.000      181.000     1500.000        3.000
   924:      500.000      121.000      500.000        3.000
   928:    32000.000      111.000     1000.000        3.000
   932:    32000.000       50.000     1500.000        3.000
   936:     8000.000      105.000     1000.000        3.000
   940:    32000.000       48.000     1500.000        3.000
   944:     2000.000       55.000     1500.000        3.000
   948:        0.000        0.000        0.000        0.000
   952:    32000.000       35.000     1000.000        3.000
   956:     2000.000      156.000     1000.000        3.000
   960:        0.000        0.000        0.000        0.000
   964:     2000.000      129.000     1000.000        3.000
   968:     1000.000       29.000     1500.000        3.000
   972:     4000.000      250.000     1000.000        4.000
   976:      500.000       72.000      500.000        3.000
   980:     8000.000      250.000      500.000        4.000
   984:     8000.000      226.000      500.000        3.000
   988:     4000.000      144.000     1000.000        3.000
   992:     8000.000      121.000     1500.000        3.000
   996:     8000.000       57.000     1500.000        3.000
  1000:        0.000        0.000        0.000        0.000
  1004:     2000.000      250.000     1000.000        4.000
  1008:     4000.000      150.000     1000.000        3.000
  1012:     4000.000       48.000     1500.000        3.000
  1016:      500.000      162.000     1500.000        3.000
  1020:     2000.000      250.000     1000.000        4.000
  1024:    32000.000      214.000     1500.000        3.000
  1028:     4000.000       77.000     1500.000        3.000
  1032:        0.000        0.000        0.000        0.000
  1036:     8000.000      145.000     1500.000        3.000
  1040:      500.000      191.000     1500.000        3.000
  1044:    32000.000      105.000      500.000        3.000
  1048:      500.000      250.000     1500.000        4.000
  1052:      500.000      111.000     1000.000        3.000
  1056:      500.000       29.000      500.000        3.000
  1060:     8000.000      250.000     1000.000        4.000
  1064:    16000.000      250.000     1500.000        2.000
  1068:     2000.000      250.000     1000.000        4.000
  1072:     2000.000      159.000     1500.000        3.000
  1076:    32000.000       96.000     1500.000        3.000
  1080:      500.000       76.000     1000.000        3.000
  1084:     4000.000      193.000     1000.000        3.000
  1088:    32000.000      250.000     1500.000        4.000
  1092:    32000.000      107.000     1500.000        3.000
  1096:     1000.000      130.000      500.000        3.000
  1100:      500.000      250.000      500.000        4.000
  1104:    16000.000       98.000     1000.000        1.000
  1108:    16000.000      250.000      500.000        2.000
  1112:     1000.000      250.000      500.000        4.000
  1116:      500.000      250.000      500.000        4.000
  1120:        0.000        0.000        0.000        0.000
  1124:    16000.000       93.000      500.000        1.000
  1128:     2000.000      215.000      500.000        3.000
  1132:     8000.000      234.000     1000.000        3.000
  1136:     4000.000      172.000     1500.000        3.000
  1140:    16000.000      111.000      500.000        1.000
  1144:    16000.000      249.000      500.000        1.000
  1148:     8000.000      203.000     1000.000        3.000
  1152:     4000.000       45.000      500.000        3.000
  1156:     1000.000      162.000     1500.000        3.000
  1160:     2000.000      216.000      500.000        3.000
  1164:     8000.000      250.000     1000.000        4.000
  1168:     1000.000      250.000     1000.000        4.000
  1172:     2000.000      192.000      500.000        3.000
  1176:     2000.000      250.000      500.000        4.000
  1180:    16000.000      157.000      500.000        1.000
  1184:     2000.000      148.000     1500.000        3.000
  1188:     8000.000       62.000     1000.000        3.000
  1192:     1000.000       73.000     1000.000        3.000
  1196:     4000.000      199.000     1000.000        3.000
  1200:     2000.000      191.000     1000.000        3.000
  1204:    32000.000       90.000     1500.000        3.000
  1208:    32000.000       88.000      500.000        3.000
  1212:     2000.000      213.000     1500.000        3.000
  1216:     4000.000      118.000      500.000        3.000
  1220:     2000.000      179.000     1000.000        3.000
  1224:     1000.000      250.000     1500.000        4.000
  1228:     4000.000       67.000     1000.000        3.000
  1232:     2000.000      149.000     1500.000        3.000
  1236:    32000.000      108.000     1500.000        3.000
  1240:      500.000       98.000      500.000        3.000
  1244:    16000.000      250.000     1500.000        2.000
  1248:     4000.000       57.000     1000.000        3.000
  1252:     2000.000      171.000     1500.000        3.000
  1256:    16000.000      212.000     1500.000        1.000
  1260:     4000.000       40.000     1000.000        3.000
  1264:     1000.000      148.000     1000.000        3.000
  1268:    16000.000       99.000      500.000        1.000
  1272:     8000.000      250.000     1500.000        4.000
  1276:    32000.000      180.000     1500.000        3.000
  1280:     8000.000      129.000      500.000        3.000
  1284:     2000.000      195.000      500.000        3.000
  1288:     8000.000      169.000      500.000        3.000
  1292:     2000.000      214.000     1500.000        3.000
  1296:     8000.000      139.000      500.000        3.000
  1300:    32000.000      186.000      500.000        3.000
  1304:     1000.000       97.000     1500.000        3.000
  1308:        0.000        0.000        0.000        0.000
  1312:     8000.000       63.000     1500.000        3.000
  1316:        0.000        0.000        0.000        0.000
  1320:     2000.000       17.000      500.000        3.000
  1324:      500.000      239.000     1500.000        3.000
  1328:     2000.000       15.000     1000.000        3.000
  1332:     2000.000       39.000      500.000        3.000
  1336:    32000.000       94.000     1500.000        3.000
  1340:     2000.000      126.000     1500.000        3.000
  1344:     4000.000      250.000     1000.000        4.000
  1348:     8000.000      250.000     1000.000        4.000
  1352:     1000.000       16.000      500.000        3.000
  1356:    16000.000       48.000     1500.000        1.000
  1360:     1000.000      121.000     1000.000        3.000
  1364:      500.000      206.000      500.000        3.000
  1368:    32000.000      235.000     1500.000        3.000
  1372:    16000.000      106.000     1000.000        1.000
  1376:    16000.000      209.000     1500.000        1.000
  1380:     8000.000      144.000     1500.000        3.000
  1384:     2000.000      250.000      500.000        4.000
  1388:    32000.000      208.000     1500.000        3.000
  1392:     1000.000       70.000     1000.000        3.000
  1396:        0.000        0.000        0.000        0.000
  1400:     1000.000       15.000     1500.000        3.000
  1404:     4000.000       54.000     1000.000        3.000
  1408:     2000.000       73.000      500.000        3.000
  1412:    32000.000      154.000      500.000        3.000
  1416:     2000.000       87.000     1000.000        3.000
  1420:    16000.000       38.000      500.000        1.000
  1424:     1000.000      250.000     1000.000        4.000
  1428:     1000.000      194.000      500.000        3.000
  1432:     1000.000      250.000     1000.000        4.000
  1436:    16000.000      110.000     1500.000        1.000
  1440:     4000.000      250.000     1500.000        4.000
  1444:     2000.000      250.000      500.000        4.000
  1448:     4000.000      134.000      500.000        3.000
  1452:     1000.000      250.000      500.000        4.000
  1456:     2000.000      132.000     1500.000        3.000
  1460:        0.000        0.000        0.000        0.000
  1464:      500.000       61.000     1000.000        3.000
  1468:     8000.000      250.000      500.000        4.000
  1472:    32000.000      163.000     1500.000        3.000
  1476:        0.000        0.000        0.000        0.000
  1480:      500.000      142.000     1500.000        3.000
  1484:     4000.000      123.000     1500.000        3.000
  1488:        0.000        0.000        0.000        0.000
  1492:      500.000      250.000     1000.000        4.000
  1496:     1000.000      175.000     1000.000        3.000
  1500:     1000.000      198.000     1000.000        3.000
  1504:     1000.000      152.000      500.000        3.000
  1508:     2000.000       89.000      500.000        3.000
  1512:     2000.000       69.000     1500.000        3.000
  1516:    16000.000      116.000      500.000        1.000
  1520:      500.000      250.000      500.000        4.000
  1524:        0.000        0.000        0.000        0.000
  1528:        0.000        0.000        0.000        0.000
  1532:        0.000        0.000        0.000        0.000
  1536:        0.000        0.000        0.000        0.000
  1540:        0.000        0.000        0.000        0.000
  1544:        0.000        0.000        0.000        0.000
  1548:        0.000        0.000        0.000        0.000
  1552:        0.000        0.000        0.000        0.000
  1556:        0.000        0.000        0.000        0.000
  1560:        0.000        0.000        0.000        0.000
  1564:        0.000        0.000        0.000        0.000
  1568:        0.000        0.000        0.000        0.000
  1572:        0.000        0.000        0.000        0.000
  1576:        0.000        0.000        0.000        0.000
  1580:        0.000        0.000        0.000        0.000
  1584:        0.000        0.000        0.000        0.000
  1588:        0.000        0.000        0.000        0.000
  1592:        0.000        0.000        0.000        0.000
  1596:        0.000        0.000        0.000        0.000
  1600:        0.000        0.000        0.000        0.000
  1604:        0.000        0.000        0.000        0.000
  1608:        0.000        0.000        0.000        0.000
  1612:        0.000        0.000        0.000        0.000
  1616:        0.000        0.000        0.000        0.000
  1620:        0.000        0.000        0.000        0.000
  1624:        0.000        0.000        0.000        0.000
  1628:        0.000        0.000        0.000        0.000
  1632:        0.000        0.000        0.000        0.000
  1636:        0.000        0.000        0.000        0.000
  1640:        0.000        0.000        0.000        0.000
  1644:        0.000        0.000        0.000        0.000
  1648:        0.000        0.000        0.000        0.000
  1652:        0.000        0.000        0.000        0.000
  1656:        0.000        0.000        0.000        0.000
  1660:        0.000        0.000        0.000        0.000
  1664:        0.000        0.000        0.000        0.000
  1668:        0.000        0.000        0.000        0.000
  1672:        0.000        0.000        0.000        0.000
  1676:        0.000        0.000        0.000        0.000
  1680:        0.000        0.000        0.000        0.000
  1684:        0.000        0.000        0.000        0.000
  1688:        0.000        0.000        0.000        0.000
  1692:        0.000        0.000        0.000        0.000
  1696:        0.000        0.000        0.000        0.000
  1700:        0.000        0.000        0.000        0.000
  1704:        0.000        0.000        0.000        0.000
  1708:        0.000        0.000        0.000        0.000
  1712:        0.000        0.000        0.000        0.000
  1716:        0.000        0.000        0.000        0.000
  1720:        0.000        0.000        0.000        0.000
  1724:        0.000        0.000        0.000        0.000
  1728:        0.000        0.000        0.000        0.000
  1732:        0.000        0.000        0.000        0.000
  1736:        0.000        0.000        0.000        0.000
  1740:        0.000        0.000        0.000        0.000
  1744:        0.000        0.000        0.000        0.000
  1748:        0.000        0.000        0.000        0.000
  1752:        0.000        0.000        0.000        0.000
  1756:        0.000        0.000        0.000        0.000
  1760:        0.000        0.000        0.000        0.000
  1764:        0.000        0.000        0.000        0.000
  1768:        0.000        0.000        0.000        0.000
  1772:        0.000        0.000        0.000        0.000
  1776:        0.000        0.000        0.000        0.000
  1780:        0.000        0.000        0.000        0.000
  1784:        0.000        0.000        0.000        0.000
  1788:        0.000        0.000        0.000        0.000
  1792:        0.000        0.000        0.000        0.000
  1796:        0.000        0.000        0.000        0.000
  1800:        0.000        0.000        0.000        0.000
  1804:        0.000        0.000        0.000        0.000
  1808:        0.000        0.000        0.000        0.000
  1812:        0.000        0.000        0.000        0.000
  1816:        0.000        0.000        0.000        0.000
  1820:        0.000        0.000        0.000        0.000
  1824:        0.000        0.000        0.000        0.000
  1828:        0.000        0.000        0.000        0.000
  1832:        0.000        0.000        0.000        0.000
  1836:        0.000        0.000        0.000        0.000
  1840:        0.000        0.000        0.000        0.000
  1844:        0.000        0.000        0.000        0.000
  1848:        0.000        0.000        0.000        0.000
  1852:        0.000        0.000        0.000        0.000
  1856:        0.000        0.000        0.000        0.000
  1860:        0.000        0.000        0.000        0.000
  1864:        0.000        0.000        0.000        0.000
  1868:        0.000        0.000        0.000        0.000
  1872:        0.000        0.000        0.000        0.000
  1876:        0.000        0.000        0.000        0.000
  1880:        0.000        0.000        0.000        0.000
  1884:        0.000        0.000        0.000        0.000
  1888:        0.000        0.000        0.000        0.000
  1892:        0.000        0.000        0.000        0.000
  1896:        0.000        0.000        0.000        0.000
  1900:        0.000        0.000        0.000        0.000
  1904:        0.000        0.000        0.000        0.000
  1908:        0.000        0.000        0.000        0.000
  1912:        0.000        0.000        0.000        0.000
  1916:        0.000        0.000        0.000        0.000
  1920:        0.000        0.000        0.000        0.000
  1924:        0.000        0.000        0.000        0.000
  1928:        0.000        0.000        0.000        0.000
  1932:        0.000        0.000        0.000        0.000
  1936:        0.000        0.000        0.000        0.000
  1940:        0.000        0.000        0.000        0.000
  1944:        0.000        0.000        0.000        0.000
  1948:        0.000        0.000        0.000        0.000
  1952:        0.000        0.000        0.000        0.000
  1956:        0.000        0.000        0.000        0.000
  1960:        0.000        0.000        0.000        0.000
  1964:        0.000        0.000        0.000        0.000
  1968:        0.000        0.000        0.000        0.000
  1972:        0.000        0.000        0.000        0.000
  1976:        0.000        0.000        0.000        0.000
  1980:        0.000        0.000        0.000        0.000
  1984:        0.000        0.000        0.000        0.000
  1988:        0.000        0.000        0.000        0.000
  1992:        0.000        0.000        0.000        0.000
  1996:        0.000        0.000        0.000        0.000
  2000:        0.000        0.000        0.000        0.000
  2004:        0.000        0.000        0.000        0.000
  2008:        0.000        0.000        0.000        0.000
  2012:        0.000        0.000        0.000        0.000
  2016:        0.000        0.000        0.000        0.000
  2020:        0.000        0.000        0.000        0.000
  2024:        0.000        0.000        0.000        0.000
  2028:        0.000        0.000        0.000        0.000
  2032:        0.000        0.000        0.000        0.000
  2036:        0.000        0.000        0.000        0.000
  2040:        0.000        0.000        0.000        0.000
  2044:        0.000        0.000        0.000        0.000
  2048:        0.000        0.000        0.000        0.000
  2052:        0.000        0.000        0.000        0.000
  2056:        0.000        0.000        0.000        0.000
  2060:        0.000        0.000        0.000        0.000
  2064:        0.000        0.000        0.000        0.000
  2068:        0.000        0.000        0.000        0.000
  2072:        0.000        0.000        0.000        0.000
  2076:        0.000        0.000        0.000        0.000
  2080:        0.000        0.000        0.000        0.000
  2084:        0.000        0.000        0.000        0.000
  2088:        0.000        0.000        0.000        0.000
  2092:        0.000        0.000        0.000        0.000
  2096:        0.000        0.000        0.000        0.000
  2100:        0.000        0.000        0.000        0.000
  2104:        0.000        0.000        0.000        0.000
  2108:        0.000        0.000        0.000        0.000
  2112:        0.000        0.000        0.000        0.000
  2116:        0.000        0.000        0.000        0.000
  2120:        0.000        0.000        0.000        0.000
  2124:        0.000        0.000        0.000        0.000
  2128:        0.000        0.000        0.000        0.000
  2132:        0.000        0.000        0.000        0.000
  2136:        0.000        0.000        0.000        0.000
  2140:        0.000        0.000        0.000        0.000
  2144:        0.000        0.000        0.000        0.000
  2148:        0.000        0.000        0.000        0.000
  2152:        0.000        0.000        0.000        0.000
  2156:        0.000        0.000        0.000        0.000
  2160:        0.000        0.000        0.000        0.000
  2164:        0.000        0.000        0.000        0.000
  2168:        0.000        0.000        0.000        0.000
  2172:        0.000        0.000        0.000        0.000
  2176:        0.000        0.000        0.000        0.000
  2180:        0.000        0.000        0.000        0.000
  2184:        0.000        0.000        0.000        0.000
  2188:        0.000        0.000        0.000        0.000
  2192:        0.000        0.000        0.000        0.000
  2196:        0.000        0.000        0.000        0.000
  2200:        0.000        0.000        0.000        0.000
  2204:        0.000        0.000        0.000        0.000
  2208:        0.000        0.000        0.000        0.000
  2212:        0.000        0.000        0.000        0.000
  2216:        0.000        0.000        0.000        0.000
  2220:        0.000        0.000        0.000        0.000
  2224:        0.000        0.000        0.000        0.000
  2228:        0.000        0.000        0.000        0.000
  2232:        0.000        0.000        0.000        0.000
  2236:        0.000        0.000        0.000        0.000
  2240:        0.000        0.000        0.000        0.000
  2244:        0.000        0.000        0.000        0.000
  2248:        0.000        0.000        0.000        0.000
  2252:        0.000        0.000        0.000        0.000
  2256:        0.000        0.000        0.000        0.000
  2260:        0.000        0.000        0.000        0.000
  2264:        0.000        0.000        0.000        0.000
  2268:        0.000        0.000        0.000        0.000
  2272:        0.000        0.000        0.000        0.000
  2276:        0.000        0.000        0.000        0.000
  2280:        0.000        0.000        0.000        0.000
  2284:        0.000        0.000        0.000        0.000
  2288:        0.000        0.000        0.000        0.000
  2292:        0.000        0.000        0.000        0.000
  2296:        0.000        0.000        0.000        0.000
  2300:        0.000        0.000        0.000        0.000
  2304:        0.000        0.000        0.000        0.000
  2308:        0.000        0.000        0.000        0.000
  2312:        0.000        0.000        0.000        0.000
  2316:        0.000        0.000        0.000        0.000
  2320:        0.000        0.000        0.000        0.000
  2324:        0.000        0.000        0.000        0.000
  2328:        0.000        0.000        0.000        0.000
  2332:        0.000        0.000        0.000        0.000
  2336:        0.000        0.000        0.000        0.000
  2340:        0.000        0.000        0.000        0.000
  2344:        0.000        0.000        0.000        0.000
  2348:        0.000        0.000        0.000        0.000
  2352:        0.000        0.000        0.000        0.000
  2356:        0.000        0.000        0.000        0.000
  2360:        0.000        0.000        0.000        0.000
  2364:        0.000        0.000        0.000        0.000
  2368:        0.000        0.000        0.000        0.000
  2372:        0.000        0.000        0.000        0.000
  2376:        0.000        0.000        0.000        0.000
  2380:        0.000        0.000        0.000        0.000
  2384:        0.000        0.000        0.000        0.000
  2388:        0.000        0.000        0.000        0.000
  2392:        0.000        0.000        0.000        0.000
  2396:        0.000        0.000        0.000        0.000
  2400:        0.000        0.000        0.000        0.000
  2404:        0.000        0.000        0.000        0.000
  2408:        0.000        0.000        0.000        0.000
  2412:        0.000        0.000        0.000        0.000
  2416:        0.000        0.000        0.000        0.000
  2420:        0.000        0.000        0.000        0.000
  2424:        0.000        0.000        0.000        0.000
  2428:        0.000        0.000        0.000        0.000
  2432:        0.000        0.000        0.000        0.000
  2436:        0.000        0.000        0.000        0.000
  2440:        0.000        0.000        0.000        0.000
  2444:        0.000        0.000        0.000        0.000
  2448:        0.000        0.000        0.000        0.000
  2452:        0.000        0.000        0.000        0.000
  2456:        0.000        0.000        0.000        0.000
  2460:        0.000        0.000        0.000        0.000
  2464:        0.000        0.000        0.000        0.000
  2468:        0.000        0.000        0.000        0.000
  2472:        0.000        0.000        0.000        0.000
  2476:        0.000        0.000        0.000        0.000
  2480:        0.000        0.000        0.000        0.000
  2484:        0.000        0.000        0.000        0.000
  2488:        0.000        0.000        0.000        0.000
  2492:        0.000        0.000        0.000        0.000
  2496:        0.000        0.000        0.000        0.000
  2500:        0.000        0.000        0.000        0.000
  2504:        0.000        0.000        0.000        0.000
  2508:        0.000        0.000        0.000        0.000
  2512:        0.000        0.000        0.000        0.000
  2516:        0.000        0.000        0.000        0.000
  2520:        0.000        0.000        0.000        0.000
  2524:        0.000        0.000        0.000        0.000
  2528:        0.000        0.000        0.000        0.000
  2532:        0.000        0.000        0.000        0.000
  2536:        0.000        0.000        0.000        0.000
  2540:        0.000        0.000        0.000        0.000
  2544:        0.000        0.000        0.000        0.000
  2548:        0.000        0.000        0.000        0.000
  2552:        0.000        0.000        0.000        0.000
  2556:        0.000        0.000        0.000        0.000
  2560:        0.000        0.000        0.000        0.000
  2564:        0.000        0.000        0.000        0.000
  2568:        0.000        0.000        0.000        0.000
  2572:        0.000        0.000        0.000        0.000
  2576:        0.000        0.000        0.000        0.000
  2580:        0.000        0.000        0.000        0.000
  2584:        0.000        0.000        0.000        0.000
  2588:        0.000        0.000        0.000        0.000
  2592:        0.000        0.000        0.000        0.000
  2596:        0.000        0.000        0.000        0.000
  2600:        0.000        0.000        0.000        0.000
  2604:        0.000        0.000        0.000        0.000
  2608:        0.000        0.000        0.000        0.000
  2612:        0.000        0.000        0.000        0.000
  2616:        0.000        0.000        0.000        0.000
  2620:        0.000        0.000        0.000        0.000
  2624:        0.000        0.000        0.000        0.000
  2628:        0.000        0.000        0.000        0.000
  2632:        0.000        0.000        0.000        0.000
  2636:        0.000        0.000        0.000        0.000
  2640:        0.000        0.000        0.000        0.000
  2644:        0.000        0.000        0.000        0.000
  2648:        0.000        0.000        0.000        0.000
  2652:        0.000        0.000        0.000        0.000
  2656:        0.000        0.000        0.000        0.000
  2660:        0.000        0.000        0.000        0.000
  2664:        0.000        0.000        0.000        0.000
  2668:        0.000        0.000        0.000        0.000
  2672:        0.000        0.000        0.000        0.000
  2676:        0.000        0.000        0.000        0.000
  2680:        0.000        0.000        0.000        0.000
  2684:        0.000        0.000        0.000        0.000
  2688:        0.000        0.000        0.000        0.000
  2692:        0.000        0.000        0.000        0.000
  2696:        0.000        0.000        0.000        0.000
  2700:        0.000        0.000        0.000        0.000
  2704:        0.000        0.000        0.000        0.000
  2708:        0.000        0.000        0.000        0.000
  2712:        0.000        0.000        0.000        0.000
  2716:        0.000        0.000        0.000        0.000
  2720:        0.000        0.000        0.000        0.000
  2724:        0.000        0.000        0.000        0.000
  2728:        0.000        0.000        0.000        0.000
  2732:        0.000        0.000        0.000        0.000
  2736:        0.000        0.000        0.000        0.000
  2740:        0.000        0.000        0.000        0.000
  2744:        0.000        0.000        0.000        0.000
  2748:        0.000        0.000        0.000        0.000
  2752:        0.000        0.000        0.000        0.000
  2756:        0.000        0.000        0.000        0.000
  2760:        0.000        0.000        0.000        0.000
  2764:        0.000        0.000        0.000        0.000
  2768:        0.000        0.000        0.000        0.000
  2772:        0.000        0.000        0.000        0.000
  2776:        0.000        0.000        0.000        0.000
  2780:        0.000        0.000        0.000        0.000
  2784:        0.000        0.000        0.000        0.000
  2788:        0.000        0.000        0.000        0.000
  2792:        0.000        0.000        0.000        0.000
  2796:        0.000        0.000        0.000        0.000
  2800:        0.000        0.000        0.000        0.000
  2804:        0.000        0.000        0.000        0.000
  2808:        0.000        0.000        0.000        0.000
  2812:        0.000        0.000        0.000        0.000
  2816:        0.000        0.000        0.000        0.000
  2820:        0.000        0.000        0.000        0.000
  2824:        0.000        0.000        0.000        0.000
  2828:        0.000        0.000        0.000        0.000
  2832:        0.000        0.000        0.000        0.000
  2836:        0.000        0.000        0.000        0.000
  2840:        0.000        0.000        0.000        0.000
  2844:        0.000        0.000        0.000        0.000
  2848:        0.000        0.000        0.000        0.000
  2852:        0.000        0.000        0.000        0.000
  2856:        0.000        0.000        0.000        0.000
  2860:        0.000        0.000        0.000        0.000
  2864:        0.000        0.000        0.000        0.000
  2868:        0.000        0.000        0.000        0.000
  2872:        0.000        0.000        0.000        0.000
  2876:        0.000        0.000        0.000        0.000
  2880:        0.000        0.000        0.000        0.000
  2884:        0.000        0.000        0.000        0.000
  2888:        0.000        0.000        0.000        0.000
  2892:        0.000        0.000        0.000        0.000
  2896:        0.000        0.000        0.000        0.000
  2900:        0.000        0.000        0.000        0.000
  2904:        0.000        0.000        0.000        0.000
  2908:        0.000        0.000        0.000        0.000
  2912:        0.000        0.000        0.000        0.000
  2916:        0.000        0.000        0.000        0.000
  2920:        0.000        0.000        0.000        0.000
  2924:        0.000        0.000        0.000        0.000
  2928:        0.000        0.000        0.000        0.000
  2932:        0.000        0.000        0.000        0.000
  2936:        0.000        0.000        0.000        0.000
  2940:        0.000        0.000        0.000        0.000
  2944:        0.000        0.000        0.000        0.000
  2948:        0.000        0.000        0.000        0.000
  2952:        0.000        0.000        0.000        0.000
  2956:        0.000        0.000        0.000        0.000
  2960:        0.000        0.000        0.000        0.000
  2964:        0.000        0.000        0.000        0.000
  2968:        0.000        0.000        0.000        0.000
  2972:        0.000        0.000        0.000        0.000
  2976:        0.000        0.000        0.000        0.000
  2980:        0.000        0.000        0.000        0.000
  2984:        0.000        0.000        0.000        0.000
  2988:        0.000        0.000        0.000        0.000
  2992:        0.000        0.000        0.000        0.000
  2996:        0.000        0.000        0.000        0.000
  3000:        0.000
P:
     0:   523826.000      358.000       41.000      278.000
     4:        0.000        0.000        0.000       41.000
     8:      500.000        0.000      250.000        3.000
    12:      278.000     5238.260     1593.000        0.000
    16:        0.030       36.000        0.000     1520.000
    20:     1521.000     1522.000     1523.000        0.000
    24:     1274.000       44.000      314.000      358.000
    28:        0.000        0.000       64.000       42.000
    32:       53.000        0.000        0.000
Q:
     0:       80.000       80.000
R:
     0:      100.000      100.000
S:
     0:       70.000       70.000
T:
     0:        1.000        2.000        2.000        2.000
     4:        2.000        2.000        2.000
X:
     0:      100.000      100.000
